1
79
69
1
1
1
1
1
147
120
91
169
7
137
107
1
204
216
212
231
240
247
253
495
168
298
260
143
1
343
7
1
6
283
309
317
189
1
201
1
287
295
214
201
399
206
379
2
353
383
369
429
233
356
1
255
321
250
256
1
462
446
491
1
275
281
1
528
290
296
2
308
418
33771
1069
621
326
540
891
347
432
949
726
582
606
627
2
566
471
734
668
638
683
402
404
569
399
398
544
415
407
417
652
668
770
681
645
444
526
1
448
447
452
462
468
462
465
1
747
477
504
484
487
1
515
574
526
515
599
515
763
540
524
530
540
540
598
969
936
997
649
575
650
590
576
1
594
1081
877
670
624
593
604
609
622
612
623
697
731
961
969
1006
993
985
1145
999
1073
1041
1
1042
1039
1607
1058
1101
1161
1067
2
1508
1084
1066
1309
1080
1473
1397
2022
1400
3
1418
1544
2021
1420
1416
1896
2301
1574
1461
1557
1705
1471
1473
1854
1683
1545
1502
2007
2
1594
1530
2523
1722
2
1571
2050
1606
2159
1585
1782
1664
1762
2088
1662
1686
1653
3
1979
1717
1763
1680
1810
1719
1799
1749
2121
2011
1791
1746
1769
2122
1799
2845
1887
1778
1794
1903
1923
1809
2170
1879
1839
3404
2310
1957
2627
1932
1887
1887
1997
2193
1907
3
1910
2079
1920
2075
1960
1936
2107
2650
3361
2183
2222
3601
2404
2270
3693
2317
2043
3588
2114
2316
2903
2398
2086
2178
2168
2132
3136
2225
2153
2657
3274
3663
3631
3695
4532
3625
2201
2918
2278
2714
2912
2260
2767
2313
2414
2
2324
2338
2359
2483
2337
2705
2570
2324
2340
2586
2461
2870
2457
3148
3141
2388
2707
4028
2634
3570
2404
2803
2395
2442
2648
2409
3206
2505
2661
2522
2521
2809
2940
2514
3
2575
2820
2802
2735
2516
2992
2954
3031
3022
4747
3120
2562
3233
2694
2904
3093
2615
2687
2683
2601
2859
2657
3412
2933
2669
2
2723
2745
2769
2691
2894
2857
2756
2750
2733
2827
3804
2865
3616
3461
3227
3266
4068
3551
2844
3171
2811
2915
2817
3074
4720
4033
3996
4197
3893
5137
3858
6213
4604
3937
5433
6918
4266
4333
7194
5591
4578
4123
4969
3982
6542
5676
4061
4505
5457
4073
5094
4705
4222
4863
4301
4746
6305
4579
4580
4197
4709
4202
5396
7030
10283
9105
6371
4439
4951
4467
5336
4901
4569
4718
6365
4590
4484
4305
4827
4976
4355
4695
4481
5389
4550
4466
5080
5719
4562
4970
5867
7842
5085
5117
5110
4692
4961
4869
5330
4705
4533
5387
4858
4574
5234
4590
4758
5289
5567
4728
5412
5897
5357
4848
5320
5745
5405
5072
6051
4844
5443
4755
4798
6147
6628
6385
4912
5036
5998
5345
4978
4927
5499
6836
5022
5416
5409
5787
5314
5315
4959
6717
5435
4944
4973
6472
5606
5485
5171
6421
5361
5400
5364
5430
6984
5392
5651
5434
5557
5744
5528
5147
5293
5938
5664
5151
5262
6703
6448
5272
5706
6041
5282
8884
2
5296
7080
8529
9174
9700
5612
7977
6685
5665
8508
6166
5788
5759
5927
5593
5714
6242
9046
2
5529
5403
6825
7363
6808
5541
5998
5625
5971
7075
6737
5725
6162
6122
5625
6067
6106
7526
8570
7209
10026
7805
7716
5
6049
6115
6626
9149
6555
6263
6026
6171
10117
10042
7114
7171
9902
7229
7598
10019
7963
9739
7932
7083
10135
8384
7419
7726
5620
36424
10556
4024
3235
4882
2376
2463
2536
2319
2314
2
2352
2482
2541
2405
2392
2326
2466
2669
2653
2687
2720
10
3517
3994
6582
5830
6730
5464
5756
5838
8970
7324
6642
7970
6971
6472
7423
6912
7135
7236
6827
8719
7364
8257
9391
7834
8222
10636
7893
7782
6683
6676
6555
7288
7261
7332
11257
6450
6517
11469
10781
9383
7512
7474
6766
7174
11200
8360
7612
8935
9066
9154
9731
8815
7837
7380
7352
7173
8767
6676
6943
6752
7188
6649
8038
6989
6689
11389
6486
6840
6316
6397
7731
6683
7461
6147
6182
6197
6492
7227
7911
7670
6641
6463
6369
6369
6492
7917
11008
9368
9342
9453
7054
10062
8791
6638
6968
6494
10206
6722
7569
7514
7658
7185
7517
7135
8487
8123
15897
9371
11140
10314
9184
10446
7722
5654
5240
6127
5487
4705
7494
6259
4771
4609
5129
5454
4874
5386
7060
5376
4977
5725
5512
4887
6050
4828
5295
6122
4848
4829
6631
5244
4835
5349
6125
7881
4919
5353
5006
4882
5360
45
7305
6713
7263
9257
10898
7705
7813
12920
6912
7617
50423
28204
5439
1
6645
3898
3385
2965
3692
3081
3041
3156
3008
3398
3750
3963
4035
3851
4261
4463
5301
6572
6676
6988
10330
8124
8150
8162
8171
10153
9720
12667
8332
8913
7938
7381
7685
7705
9897
7568
7264
7275
8894
13198
11467
8701
8829
8909
9661
9411
9355
13683
8056
8870
9227
9069
8894
9519
8065
7926
9020
8805
9261
8727
9673
10122
12719
8532
9402
9277
9624
9004
8350
52
8240
7611
9384
9324
11167
13784
9175
9851
12725
7706
7841
14973
13491
12725
10190
11011
8770
11670
13647
8000
9909
9183
9845
9109
8890
9196
9949
14859
2
9442
7978
7777
8060
8290
10203
8195
8989
9252
8459
8218
8064
8644
7992
7997
8545
11053
10186
9244
9380
9393
10093
10173
9457
14555
10162
9108
10507
10290
8974
9648
9865
9584
9704
9657
10435
9773
10531
9292
9847
10286
9848
9908
13278
9684
21
10880
8478
8427
8247
8754
9851
10074
14849
15946
16580
8771
12963
5038
5380
4556
4877
4661
5006
8447
8848
6192
5808
5519
7318
7430
7601
7823
9412
11797
9412
10365
11241
9542
10839
9850
8528
11847
9714
8921
10392
9177
9833
9719
10718
9530
8751
9002
9785
