n,time
110,26
120,0
130,0
140,0
150,0
160,0
170,0
180,0
190,0
200,0
210,0
220,0
230,0
240,0
250,0
260,0
270,0
280,0
290,0
300,0
310,0
320,0
330,0
340,0
350,0
360,0
370,0
380,0
390,0
400,84
410,0
420,0
430,0
440,0
450,0
460,0
470,0
480,0
490,0
500,1
510,0
520,0
530,1
540,0
550,0
560,1
570,0
580,0
590,0
600,0
610,0
620,4
630,0
640,0
650,0
660,2
670,0
680,0
690,0
700,146
710,1
720,0
730,1
740,2
750,2
760,1
770,1
780,2
790,0
800,0
810,0
820,1
830,2
840,2
850,4
860,0
870,2
880,0
890,0
900,0
910,0
920,1
930,0
940,1
950,0
960,4
970,0
980,0
990,0
1000,2
1010,0
1020,0
1030,0
1040,1
1050,0
1060,0
1070,5
1080,4
1090,1
1100,228
1110,0
1120,3
1130,0
1140,0
1150,4
1160,0
1170,0
1180,0
1190,0
1200,0
1210,3
1220,2
1230,1
1240,0
1250,2
1260,2
1270,0
1280,1
1290,1
1300,5
1310,0
1320,4
1330,0
1340,3
1350,11
1360,4
1370,2
1380,0
1390,2
1400,3
1410,0
1420,0
1430,0
1440,3
1450,1
1460,1
1470,1
1480,4
1490,1
1500,0
1510,0
1520,0
1530,7
1540,0
1550,1
1560,0
1570,2
1580,4
1590,0
1600,340
1610,4
1620,1
1630,8
1640,1
1650,0
1660,8
1670,0
1680,4
1690,1
1700,5
1710,4
1720,8
1730,1
1740,1
1750,0
1760,5
1770,4
1780,2
1790,1
1800,2
1810,5
1820,1
1830,6
1840,2
1850,1
1860,1
1870,0
1880,0
1890,0
1900,12
1910,0
1920,9
1930,1
1940,0
1950,5
1960,0
1970,1
1980,1
1990,5
2000,8
2010,1
2020,0
2030,2
2040,0
2050,1
2060,2
2070,0
2080,0
2090,0
2100,1
2110,2
2120,2
2130,1
2140,4
2150,8
2160,4
2170,1
2180,4
2190,0
2200,4
2210,5
2220,9
2230,1
2240,2
2250,0
2260,12
2270,0
2280,2
2290,0
2300,0
2310,18
2320,1
2330,2
2340,3
2350,3
2360,1
2370,12
2380,4
2390,8
2400,4
2410,0
2420,0
2430,6
2440,2
2450,14
2460,11
2470,1
2480,2
2490,0
2500,8
2510,1
2520,8
2530,1
2540,3
2550,2
2560,3
2570,7
2580,1
2590,0
2600,5
2610,1
2620,13
2630,0
2640,4
2650,14
2660,8
2670,2
2680,7
2690,0
2700,4
2710,1
2720,13
2730,0
2740,0
2750,6
2760,5
2770,4
2780,0
2790,9
2800,7
2810,1
2820,1
2830,2
2840,4
2850,4
2860,5
2870,4
2880,12
2890,38
2900,0
2910,20
2920,1
2930,18
2940,2
2950,8
2960,1
2970,4
2980,4
2990,3
3000,2
3010,0
3020,0
3030,1
3040,4
3050,16
3060,15
3070,16
3080,8
3090,4
3100,4
3110,2
3120,5
3130,6
3140,10
3150,5
3160,8
3170,4
3180,0
3190,2
3200,0
3210,2
3220,4
3230,14
3240,25
3250,0
3260,8
3270,2
3280,15
3290,2
3300,7
3310,6
3320,13
3330,5
3340,2
3350,2
3360,22
3370,11
3380,15
3390,2
3400,8
3410,2
3420,7
3430,12
3440,0
3450,3
3460,12
3470,8
3480,5
3490,1
3500,5
3510,13
3520,2
3530,0
3540,4
3550,31
3560,8
3570,27
3580,0
3590,8
3600,3
3610,5
3620,6
3630,16
3640,2
3650,2
3660,2
3670,5
3680,14
3690,4
3700,0
3710,10
3720,2
3730,2
3740,4
3750,11
3760,20
3770,12
3780,7
3790,18
3800,0
3810,4
3820,4
3830,4
3840,1
3850,1
3860,4
3870,1
3880,18
3890,1
3900,3
3910,0
3920,15
3930,5
3940,40
3950,8
3960,0
3970,1
3980,4
3990,1
4000,1
4010,13
4020,2
4030,4
4040,1
4050,0
4060,6
4070,1
4080,26
4090,2
4100,13
4110,11
4120,28
4130,8
4140,5
4150,9
4160,15
4170,5
4180,2
4190,4
4200,4
4210,6
4220,15
4230,3
4240,1
4250,2
4260,5
4270,12
4280,6
4290,4
4300,5
4310,3
4320,5
4330,0
4340,8
4350,0
4360,0
4370,27
4380,7
4390,0
4400,2
4410,20
4420,15
4430,24
4440,12
4450,8
4460,4
4470,1
4480,0
4490,0
4500,11
4510,21
4520,17
4530,5
4540,5
4550,19
4560,4
4570,8
4580,2
4590,27
4600,6
4610,1
4620,0
4630,2
4640,0
4650,29
4660,4
4670,16
4680,54
4690,4
4700,5
4710,8
4720,2
4730,18
4740,24
4750,24
4760,22
4770,4
4780,0
4790,2
4800,4
4810,12
4820,16
4830,0
4840,20
4850,8
4860,2
4870,9
4880,0
4890,0
4900,0
4910,11
4920,14
4930,36
4940,0
4950,6
4960,2
4970,2
4980,36
4990,12
5000,1
5010,3
5020,4
5030,23
5040,3
5050,2
5060,4
5070,12
5080,16
5090,8
5100,28
5110,46
5120,2
5130,2
5140,4
5150,16
5160,6
5170,2
5180,1
5190,5
5200,4
5210,2
5220,11
5230,15
5240,8
5250,3
5260,0
5270,2
5280,12
5290,19
5300,4
5310,3
5320,13
5330,1
5340,6
5350,0
5360,34
5370,31
5380,29
5390,19
5400,14
5410,6
5420,13
5430,4
5440,7
5450,3
5460,1
5470,2
5480,13
5490,12
5500,1
5510,1
5520,31
5530,14
5540,7
5550,40
5560,24
5570,17
5580,31
5590,6
5600,2
5610,25
5620,42
5630,4
5640,3
5650,19
5660,0
5670,1
5680,0
5690,0
5700,2
5710,5
5720,4
5730,20
5740,3
5750,5
5760,14
5770,1
5780,22
5790,2
5800,19
5810,8
5820,0
5830,0
5840,23
5850,3
5860,38
5870,4
5880,8
5890,5
5900,16
5910,0
5920,0
5930,11
5940,2
5950,3
5960,6
5970,8
5980,4
5990,14
6000,1
6010,0
6020,40
6030,29
6040,0
6050,1
6060,5
6070,0
6080,4
6090,2
6100,20
6110,41
6120,9
6130,0
6140,11
6150,2
6160,15
6170,16
6180,3
6190,1
6200,21
6210,13
6220,2
6230,7
6240,2
6250,0
6260,2
6270,29
6280,7
6290,0
6300,9
6310,6
6320,15
6330,38
6340,10
6350,3
6360,19
6370,16
6380,27
6390,0
6400,18
6410,12
6420,2
6430,0
6440,11
6450,20
6460,16
6470,18
6480,54
6490,78
6500,39
6510,62
6520,1
6530,7
6540,18
6550,3
6560,2
6570,2
6580,23
6590,16
6600,4
6610,13
6620,13
6630,18
6640,51
6650,32
6660,1
6670,57
6680,28
6690,32
6700,3
6710,17
6720,0
6730,0
6740,50
6750,8
6760,31
6770,19
6780,40
6790,8
6800,25
6810,25
6820,13
6830,30
6840,0
6850,8
6860,0
6870,23
6880,21
6890,8
6900,13
6910,20
6920,0
6930,8
6940,1
6950,4
6960,23
6970,2
6980,5
6990,0
7000,33
7010,2
7020,3
7030,8
7040,2
7050,8
7060,1
7070,54
7080,26
7090,0
7100,3
7110,61
7120,0
7130,16
7140,19
7150,63
7160,2
7170,17
7180,8
7190,1
7200,0
7210,17
7220,8
7230,4
7240,36
7250,1
7260,11
7270,33
7280,1
7290,17
7300,2
7310,4
7320,16
7330,4
7340,11
7350,1
7360,20
7370,0
7380,8
7390,0
7400,27
7410,0
7420,2
7430,14
7440,24
7450,7
7460,4
7470,5
7480,45
7490,23
7500,1
7510,12
7520,49
7530,0
7540,2
7550,2
7560,11
7570,37
7580,0
7590,10
7600,20
7610,4
7620,42
7630,1
7640,38
7650,19
7660,12
7670,21
7680,32
7690,17
7700,25
7710,2
7720,5
7730,16
7740,11
7750,8
7760,14
7770,5
7780,6
7790,4
7800,3
7810,12
7820,35
7830,25
7840,26
7850,17
7860,50
7870,32
7880,5
7890,4
7900,22
7910,22
7920,12
7930,0
7940,4
7950,0
7960,14
7970,0
7980,12
7990,0
8000,0
8010,39
8020,24
8030,12
8040,20
8050,12
8060,2
8070,13
8080,1
8090,20
8100,0
8110,26
8120,1
8130,1
8140,14
8150,3
8160,28
8170,15
8180,12
8190,33
8200,22
8210,5
8220,10
8230,4
8240,4
8250,2
8260,67
8270,17
8280,12
8290,8
8300,18
8310,27
8320,4
8330,6
8340,6
8350,2
8360,3
8370,27
8380,18
8390,1
8400,9
8410,22
8420,72
8430,9
8440,12
8450,6
8460,18
8470,5
8480,1
8490,16
8500,6
8510,5
8520,1
8530,0
8540,6
8550,20
8560,6
8570,5
8580,28
8590,4
8600,24
8610,26
8620,2
8630,2
8640,20
8650,11
8660,3
8670,4
8680,5
8690,13
8700,1829
8710,3
8720,7
8730,1
8740,28
8750,13
8760,33
8770,0
8780,12
8790,8
8800,20
8810,6
8820,74
8830,22
8840,10
8850,15
8860,26
8870,11
8880,8
8890,11
8900,5
8910,15
8920,11
8930,9
8940,3
8950,22
8960,2
8970,32
8980,11
8990,16
9000,17
9010,12
9020,31
9030,4
9040,17
9050,82
9060,0
9070,12
9080,12
9090,33
9100,8
9110,12
9120,9
9130,2
9140,10
9150,27
9160,46
9170,41
9180,2
9190,8
9200,15
9210,0
9220,3
9230,17
9240,14
9250,58
9260,18
9270,2
9280,6
9290,3
9300,16
9310,20
9320,9
9330,34
9340,7
9350,8
9360,5
9370,4
9380,29
9390,19
9400,8
9410,24
9420,38
9430,1
9440,36
9450,15
9460,63
9470,13
9480,0
9490,6
9500,16
9510,2
9520,4
9530,58
9540,36
9550,8
9560,5
9570,0
9580,63
9590,3
9600,39
9610,4
9620,15
9630,0
9640,9
9650,8
9660,102
9670,18
9680,4
9690,1
9700,8
9710,0
9720,2
9730,1
9740,0
9750,26
9760,1
9770,4
9780,1
9790,4
9800,1
9810,44
9820,9
9830,8
9840,3
9850,4
9860,1
9870,19
9880,8
9890,23
9900,8
9910,8
9920,18
9930,12
9940,14
9950,4
9960,1
9970,22
9980,27
9990,55
10000,2
10010,13
10020,1
10030,30
10040,24
10050,8
10060,3
10070,0
10080,1
10090,15
10100,0
10110,23
10120,11
10130,36
10140,51
10150,5
10160,26
10170,16
10180,36
10190,46
10200,9
10210,12
10220,18
10230,14
10240,29
10250,4
10260,33
10270,25
10280,17
10290,8
10300,39
10310,2
10320,3
10330,24
10340,3
10350,54
10360,0
10370,9
10380,3
10390,91
10400,99
10410,5
10420,4
10430,15
10440,3
10450,4
10460,15
10470,53
10480,8
10490,17
10500,33
10510,6
10520,46
10530,44
10540,24
10550,32
10560,18
10570,0
10580,24
10590,19
10600,11
10610,28
10620,5
10630,43
10640,1
10650,11
10660,18
10670,1
10680,37
10690,14
10700,38
10710,18
10720,55
10730,2
10740,29
10750,12
10760,64
10770,8
10780,7
10790,74
10800,1
10810,17
10820,0
10830,69
10840,3
10850,25
10860,22
10870,32
10880,101
10890,3
10900,51
10910,8
10920,37
10930,1
10940,0
10950,18
10960,54
10970,23
10980,20
10990,32
11000,20
11010,31
11020,2
11030,51
11040,53
11050,23
11060,0
11070,19
11080,22
11090,73
11100,6
11110,2
11120,4
11130,6
11140,52
11150,14
11160,52
11170,29
11180,24
11190,8
11200,12
11210,9
11220,48
11230,9
11240,2
11250,4
11260,8
11270,4
11280,32
11290,16
11300,7
11310,26
11320,34
11330,15
11340,67
11350,19
11360,43
11370,4
11380,14
11390,14
11400,31
11410,22
11420,93
11430,38
11440,12
11450,18
11460,1
11470,24
11480,5
11490,43
11500,17
11510,49
11520,27
11530,39
11540,14
11550,8
11560,21
11570,22
11580,61
11590,64
11600,2
11610,4
11620,129
11630,43
11640,50
11650,36
11660,7
11670,15
11680,8
11690,4
11700,5
11710,0
11720,1
11730,6
11740,32
11750,0
11760,45
11770,8
11780,29
11790,28
11800,32
11810,12
11820,15
11830,35
11840,22
11850,26
11860,13
11870,49
11880,9
11890,7
11900,1
11910,5
11920,17
11930,0
11940,85
11950,80
11960,51
11970,60
11980,16
11990,5
12000,63
12010,34
12020,90
12030,42
12040,33
12050,1
12060,59
12070,37
12080,0
12090,24
12100,3
12110,46
12120,30
12130,78
12140,26
12150,13
12160,6
12170,73
12180,192
12190,27
12200,36
12210,6
12220,27
12230,31
12240,0
12250,8
12260,13
12270,1
12280,16
12290,46
12300,42
12310,2
12320,21
12330,54
12340,2
12350,14
12360,6
12370,14
12380,27
12390,31
12400,9
12410,2
12420,80
12430,76
12440,37
12450,98
12460,6
12470,2
12480,48
12490,48
12500,17
12510,69
12520,42
12530,13
12540,38
12550,47
12560,6
12570,7
12580,39
12590,27
12600,36
12610,4
12620,9
12630,5
12640,4
12650,12
12660,16
12670,6
12680,5
12690,0
12700,59
12710,4
12720,67
12730,66
12740,14
12750,18
12760,23
12770,54
12780,26
12790,11
12800,30
12810,2
12820,16
12830,9
12840,6
12850,4
12860,26
12870,0
12880,9
12890,4
12900,1
12910,13
12920,20
12930,16
12940,4
12950,14
12960,27
12970,11
12980,43
12990,38
13000,76
13010,16
13020,61
13030,24
13040,49
13050,183
13060,23
13070,26
13080,16
13090,59
13100,6
13110,17
13120,9
13130,42
13140,63
13150,2
13160,14
13170,0
13180,43
13190,5
13200,72
13210,11
13220,129
13230,5
13240,86
13250,60
13260,24
13270,16
13280,30
13290,20
13300,7
13310,17
13320,25
13330,12
13340,6
13350,66
13360,21
13370,22
13380,58
13390,24
13400,2
13410,57
13420,19
13430,23
13440,32
13450,21
13460,38
13470,155
13480,47
13490,28
13500,49
13510,29
13520,51
13530,25
13540,23
13550,28
13560,36
13570,29
13580,9
13590,5
13600,53
13610,12
13620,37
13630,58
13640,97
13650,44
13660,114
13670,29
13680,98
13690,55
13700,45
13710,32
13720,28
13730,29
13740,2
13750,50
13760,16
13770,1
13780,13
13790,42
13800,20
13810,3
13820,44
13830,32
13840,156
13850,71
13860,48
13870,0
13880,14
13890,8
13900,5
13910,26
13920,30
13930,48
13940,10
13950,104
13960,78
13970,17
13980,8
13990,0
14000,30
14010,22
14020,39
14030,56
14040,54
14050,28
14060,6
14070,0
14080,6
14090,39
14100,34
14110,18
14120,4
14130,6
14140,49
14150,22
14160,4
14170,60
14180,74
14190,34
14200,74
14210,44
14220,0
14230,29
14240,17
14250,8
14260,45
14270,37
14280,38
14290,26
14300,1
14310,40
14320,42
14330,2
14340,14
14350,50
14360,47
14370,82
14380,1
14390,23
14400,40
14410,7
14420,32
14430,44
14440,191
14450,81
14460,1
14470,129
14480,34
14490,35
14500,21
14510,4
14520,14
14530,80
14540,67
14550,1
14560,28
14570,6
14580,11
14590,4
14600,23
14610,27
14620,34
14630,6
14640,57
14650,31
14660,43
14670,15
14680,24
14690,92
14700,18
14710,8
14720,43
14730,79
14740,101
14750,18
14760,23
14770,4
14780,22
14790,60
14800,11
14810,70
14820,49
14830,22
14840,27
14850,4
14860,94
14870,54
14880,21
14890,31
14900,6
14910,71
14920,4
14930,131
14940,2
14950,8
14960,0
14970,63
14980,35
14990,3
15000,185
15010,5
15020,26
15030,12
15040,2
15050,59
15060,1
15070,88
15080,42
15090,1
15100,24
15110,14
15120,48
15130,42
15140,6
15150,20
15160,14
15170,1
15180,50
15190,39
15200,22
15210,8
15220,41
15230,1
15240,56
15250,13
15260,37
15270,26
15280,8
15290,31
15300,55
15310,9
15320,15
15330,49
15340,4
15350,99
15360,67
15370,35
15380,17
15390,42
15400,29
15410,109
15420,19
15430,4
15440,85
15450,11
15460,4
15470,9
15480,50
15490,18
15500,6
15510,2
15520,4
15530,45
15540,37
15550,63
15560,3
15570,44
15580,54
15590,36
15600,129
15610,42
15620,24
15630,8
15640,26
15650,121
15660,1
15670,28
15680,17
15690,90
15700,8
15710,50
15720,15
15730,33
15740,17
15750,9
15760,21
15770,19
15780,44
15790,17
15800,49
15810,2
15820,19
15830,30
15840,57
15850,61
15860,140
15870,6
15880,14
15890,14
15900,47
15910,36
15920,11
15930,26
15940,95
15950,102
15960,56
15970,31
15980,6
15990,14
16000,8
16010,14
16020,4
16030,64
16040,17
16050,46
16060,8
16070,125
16080,84
16090,37
16100,3418
16110,44
16120,50
16130,0
16140,27
16150,2
16160,8
16170,31
16180,13
16190,19
16200,2
16210,73
16220,4
16230,4
16240,11
16250,6
16260,11
16270,61
16280,35
16290,10
16300,23
16310,109
16320,14
16330,6
16340,35
16350,30
16360,4
16370,30
16380,4
16390,27
16400,9
16410,19
16420,42
16430,5
16440,99
16450,43
16460,67
16470,81
16480,64
16490,38
16500,58
16510,24
16520,0
16530,18
16540,20
16550,17
16560,89
16570,19
16580,41
16590,24
16600,103
16610,13
16620,13
16630,83
16640,15
16650,35
16660,17
16670,11
16680,24
16690,17
16700,44
16710,19
16720,23
16730,12
16740,1
16750,49
16760,10
16770,29
16780,4
16790,1
16800,5
16810,0
16820,41
16830,51
16840,53
16850,37
16860,33
16870,20
16880,48
16890,25
16900,56
16910,67
16920,37
16930,10
16940,43
16950,98
16960,2
16970,42
16980,16
16990,41
17000,11
17010,111
17020,95
17030,4
17040,40
17050,13
17060,30
17070,31
17080,45
17090,21
17100,61
17110,212
17120,61
17130,27
17140,43
17150,47
17160,28
17170,140
17180,38
17190,27
17200,2
17210,46
17220,27
17230,73
17240,6
17250,122
17260,285
17270,26
17280,128
17290,115
17300,70
17310,89
17320,12
17330,65
17340,0
17350,50
17360,61
17370,1
17380,12
17390,1
17400,54
17410,106
17420,60
17430,39
17440,7
17450,48
17460,1
17470,23
17480,10
17490,53
17500,34
17510,23
17520,53
17530,80
17540,19
17550,13
17560,56
17570,47
17580,12
17590,27
17600,10
17610,2
17620,1
17630,65
17640,153
17650,0
17660,36
17670,24
17680,42
17690,334
17700,2
17710,50
17720,22
17730,69
17740,26
17750,4
17760,90
17770,22
17780,11
17790,8
17800,15
17810,34
17820,15
17830,28
17840,49
17850,98
17860,115
17870,30
17880,11
17890,6
17900,160
17910,62
17920,14
17930,37
17940,18
17950,24
17960,28
17970,78
17980,38
17990,65
18000,17
18010,42
18020,40
18030,6
18040,13
18050,70
18060,15
18070,20
18080,35
18090,75
18100,24
18110,19
18120,85
18130,38
18140,81
18150,39
18160,20
18170,51
18180,43
18190,103
18200,54
18210,10
18220,31
18230,17
18240,2
18250,33
18260,90
18270,73
18280,30
18290,52
18300,106
18310,40
18320,44
18330,212
18340,1
18350,32
18360,4
18370,26
18380,32
18390,29
18400,29
18410,4
18420,48
18430,84
18440,1
18450,16
18460,78
18470,15
18480,3
18490,6
18500,39
18510,8
18520,125
18530,5
18540,284
18550,18
18560,29
18570,18
18580,87
18590,11
18600,8
18610,25
18620,23
18630,17
18640,12
18650,22
18660,14
18670,18
18680,43
18690,14
18700,31
18710,40
18720,17
18730,2
18740,142
18750,104
18760,15
18770,16
18780,56
18790,22
18800,28
18810,12
18820,43
18830,8
18840,30
18850,42
18860,99
18870,38
18880,68
18890,34
18900,83
18910,38
18920,4
18930,51
18940,135
18950,8
18960,66
18970,4
18980,25
18990,2
19000,72
19010,63
19020,44
19030,42
19040,6
19050,110
19060,24
19070,21
19080,57
19090,8
19100,17
19110,5
19120,163
19130,70
19140,37
19150,12
19160,89
19170,36
19180,54
19190,7
19200,13
19210,78
19220,2
19230,26
19240,4
19250,54
19260,79
19270,5
19280,29
19290,33
19300,1
19310,112
19320,21
19330,13
19340,44
19350,50
19360,49
19370,149
19380,91
19390,16
19400,88
19410,6
19420,9
19430,12
19440,31
19450,25
19460,0
19470,27
19480,19
19490,23
19500,42
19510,77
19520,9
19530,57
19540,13
19550,22
19560,1
19570,45
19580,27
19590,0
19600,41
19610,87
19620,11
19630,44
19640,0
19650,40
19660,22
19670,4
19680,70
19690,6
19700,2
19710,59
19720,7
19730,71
19740,1
19750,0
19760,11
19770,14
19780,59
19790,4
19800,28
19810,117
19820,54
19830,1
19840,22
19850,27
19860,14
19870,28
19880,5
19890,95
19900,49
19910,75
19920,34
19930,25
19940,6
19950,218
19960,15
19970,31
19980,30
19990,46
20000,134
20010,14
20020,20
20030,19
20040,13
20050,51
20060,8
20070,26
20080,26
20090,53
20100,33
20110,7
20120,8
20130,30
20140,21
20150,56
20160,0
20170,13
20180,47
20190,12
20200,19
20210,41
20220,51
20230,19
20240,45
20250,39
20260,32
20270,10
20280,75
20290,144
20300,11
20310,0
20320,4
20330,26
20340,111
20350,109
20360,18
20370,18
20380,8
20390,36
20400,19
20410,66
20420,28
20430,4
20440,45
20450,42
20460,69
20470,1
20480,103
20490,55
20500,57
20510,18
20520,180
20530,4
20540,19
20550,54
20560,43
20570,9
20580,64
20590,222
20600,23
20610,37
20620,5
20630,60
20640,86
20650,11
20660,2
20670,30
20680,22
20690,177
20700,38
20710,162
20720,94
20730,156
20740,67
20750,63
20760,9
20770,11
20780,120
20790,57
20800,98
20810,9
20820,15
20830,26
20840,46
20850,59
20860,16
20870,23
20880,47
20890,19
20900,52
20910,44
20920,11
20930,14
20940,37
20950,23
20960,4
20970,42
20980,92
20990,92
21000,95
21010,11
21020,108
21030,68
21040,33
21050,56
21060,0
21070,4
21080,5
21090,59
21100,29
21110,36
21120,34
21130,42
21140,25
21150,97
21160,11
21170,11
21180,40
21190,8
21200,33
21210,125
21220,91
21230,144
21240,23
21250,101
21260,16
21270,84
21280,19
21290,152
21300,83
21310,55
21320,37
21330,23
21340,139
21350,142
21360,54
21370,20
21380,48
21390,36
21400,142
21410,28
21420,12
21430,88
21440,93
21450,34
21460,40
21470,57
21480,9
21490,22
21500,32
21510,4
21520,54
21530,21
21540,9
21550,74
21560,13
21570,50
21580,163
21590,7
21600,14
21610,2
21620,20
21630,222
21640,11
21650,47
21660,48
21670,74
21680,117
21690,44
21700,5
21710,63
21720,27
21730,6
21740,20
21750,77
21760,32
21770,143
21780,61
21790,17
21800,4
21810,135
21820,65
21830,51
21840,78
21850,35
21860,47
21870,33
21880,25
21890,30
21900,23
21910,8
21920,33
21930,20
21940,126
21950,0
21960,8
21970,188
21980,94
21990,3
22000,19
22010,41
22020,165
22030,18
22040,40
22050,9
22060,17
22070,34
22080,2
22090,12
22100,95
22110,24
22120,16
22130,12
22140,73
22150,17
22160,12
22170,4
22180,144
22190,29
22200,97
22210,123
22220,114
22230,10
22240,25
22250,176
22260,152
22270,57
22280,42
22290,65
22300,12
22310,21
22320,115
22330,40
22340,24
22350,35
22360,16
22370,41
22380,88
22390,102
22400,259
22410,131
22420,58
22430,26
22440,1
22450,62
22460,25
22470,128
22480,76
22490,75
22500,31
22510,35
22520,35
22530,43
22540,81
22550,74
22560,29
22570,25
22580,29
22590,120
22600,107
22610,45
22620,31
22630,80
22640,89
22650,0
22660,148
22670,81
22680,54
22690,101
22700,184
22710,0
22720,15
22730,27
22740,63
22750,100
22760,121
22770,11
22780,184
22790,6
22800,77
22810,146
22820,63
22830,166
22840,220
22850,79
22860,142
22870,61
22880,83
22890,2
22900,85
22910,12
22920,50
22930,1
22940,85
22950,44
22960,15
22970,72
22980,45
22990,14
23000,5
23010,14
23020,68
23030,20
23040,15
23050,20
23060,54
23070,109
23080,121
23090,45
23100,17
23110,44
23120,18
23130,28
23140,48
23150,34
23160,22
23170,116
23180,87
23190,19
23200,28
23210,15
23220,6
23230,45
23240,58
23250,6
23260,49
23270,86
23280,122
23290,44
23300,70
23310,47
23320,8
23330,2
23340,16
23350,80
23360,27
23370,13
23380,50
23390,30
23400,14
23410,8
23420,35
23430,15
23440,23
23450,37
23460,251
23470,17
23480,78
23490,70
23500,20
23510,36
23520,29
23530,8
23540,4
23550,26
23560,31
23570,50
23580,4
23590,175
23600,8
23610,29
23620,103
23630,6
23640,135
23650,1
23660,12
23670,28
23680,97
23690,22
23700,39
23710,42
23720,35
23730,52
23740,67
23750,0
23760,112
23770,19
23780,8
23790,23
23800,61
23810,32
23820,87
23830,9
23840,51
23850,82
23860,65
23870,20
23880,127
23890,98
23900,2
23910,80
23920,45
23930,14
23940,2
23950,39
23960,0
23970,0
23980,0
23990,54
24000,57
24010,69
24020,77
24030,20
24040,2
24050,14
24060,31
24070,145
24080,4
24090,24
24100,19
24110,33
24120,39
24130,42
24140,4
24150,32
24160,175
24170,20
24180,5
24190,210
24200,12
24210,2
24220,129
24230,8
24240,82
24250,67
24260,14
24270,82
24280,12
24290,53
24300,6
24310,54
24320,48
24330,9
24340,20
24350,26
24360,107
24370,58
24380,81
24390,140
24400,24
24410,12
24420,32
24430,170
24440,20
24450,82
24460,72
24470,2
24480,46
24490,93
24500,7
24510,0
24520,4
24530,8
24540,138
24550,21
24560,113
24570,46
24580,36
24590,137
24600,29
24610,37
24620,55
24630,28
24640,21
24650,57
24660,32
24670,34
24680,49
24690,12
24700,8
24710,124
24720,32
24730,40
24740,1
24750,137
24760,104
24770,16
24780,22
24790,14
24800,38
24810,14
24820,60
24830,232
24840,6
24850,41
24860,11
24870,2
24880,22
24890,135
24900,18
24910,74
24920,61
24930,20
24940,19
24950,33
24960,76
24970,32
24980,102
24990,79
25000,27
25010,28
25020,2
25030,4
25040,8
25050,53
25060,76
25070,80
25080,33
25090,106
25100,100
25110,45
25120,21
25130,97
25140,64
25150,93
25160,11
25170,11
25180,60
25190,2
25200,31
25210,5
25220,35
25230,22
25240,71
25250,12
25260,29
25270,1
25280,21
25290,27
25300,47
25310,149
25320,29
25330,3
25340,150
25350,55
25360,152
25370,340
25380,200
25390,28
25400,14
25410,119
25420,107
25430,20
25440,103
25450,61
25460,28
25470,20
25480,28
25490,76
25500,22
25510,37
25520,60
25530,86
25540,16
25550,23
25560,8
25570,5
25580,54
25590,2
25600,25
25610,12
25620,184
25630,14
25640,5
25650,7
25660,26
25670,41
25680,46
25690,47
25700,23
25710,112
25720,40
25730,9
25740,55
25750,56
25760,19
25770,148
25780,119
25790,152
25800,45
25810,94
25820,13
25830,106
25840,15
25850,24
25860,21
25870,272
25880,23
25890,86
25900,39
25910,32
25920,106
25930,89
25940,104
25950,24
25960,32
25970,94
25980,6
25990,6
26000,1
26010,146
26020,22
26030,45
26040,22
26050,37
26060,13
26070,3
26080,4
26090,4
26100,82
26110,9
26120,121
26130,9
26140,16
26150,110
26160,2
26170,89
26180,21
26190,39
26200,48
26210,131
26220,11
26230,60
26240,52
26250,43
26260,89
26270,75
26280,125
26290,20
26300,20
26310,4
26320,43
26330,33
26340,24
26350,121
26360,38
26370,1
26380,93
26390,29
26400,35
26410,77
26420,107
26430,41
26440,66
26450,103
26460,59
26470,21
26480,19
26490,102
26500,81
26510,23
26520,24
26530,25
26540,80
26550,66
26560,4
26570,66
26580,19
26590,88
26600,253
26610,8
26620,36
26630,209
26640,119
26650,5
26660,44
26670,22
26680,45
26690,82
26700,90
26710,1119
26720,178
26730,162
26740,339
26750,130
26760,5
26770,146
26780,485
26790,110
26800,101
26810,103
26820,174
26830,71
26840,14
26850,8
26860,14
26870,56
26880,19
26890,12
26900,32
26910,43
26920,83
26930,23
26940,27
26950,13
26960,105
26970,25
26980,21
26990,15
27000,73
27010,12
27020,54
27030,116
27040,24
27050,37
27060,13
27070,203
27080,21
27090,86
27100,112
27110,2
27120,16
27130,24
27140,155
27150,210
27160,19
27170,3
27180,5
27190,19
27200,16
27210,80
27220,8
27230,1
27240,154
27250,117
27260,141
27270,9
27280,22
27290,15
27300,24
27310,170
27320,91
27330,112
27340,42
27350,68
27360,24
27370,27
27380,50
27390,40
27400,40
27410,171
27420,5
27430,0
27440,144
27450,24
27460,121
27470,9
27480,65
27490,0
27500,44
27510,53
27520,96
27530,6
27540,66
27550,22
27560,29
27570,144
27580,124
27590,28
27600,42
27610,51
27620,100
27630,0
27640,24
27650,17
27660,72
27670,129
27680,49
27690,54
27700,11
27710,155
27720,6
27730,103
27740,28
27750,84
27760,104
27770,125
27780,44
27790,37
27800,64
27810,54
27820,139
27830,201
27840,706
27850,624
27860,30
27870,161
27880,150
27890,510
27900,162
27910,11
27920,62
27930,64
27940,1202
27950,209
27960,166
27970,392
27980,70
27990,105
28000,8
28010,19
28020,44
28030,34
28040,41
28050,42
28060,11
28070,6
28080,12
28090,1
28100,14
28110,177
28120,75
28130,46
28140,75
28150,28
28160,131
28170,15
28180,78
28190,46
28200,119
28210,59
28220,121
28230,86
28240,259
28250,27
28260,21
28270,104
28280,52
28290,3
28300,0
28310,15
28320,133
28330,24
28340,47
28350,19
28360,13
28370,1
28380,101
28390,4
28400,139
28410,4
28420,111
28430,15
28440,21
28450,12
28460,87
28470,13
28480,92
28490,22
28500,129
28510,15
28520,20
28530,26
28540,120
28550,22
28560,190
28570,57
28580,94
28590,2
28600,6
28610,2
28620,4
28630,30
28640,57
28650,77
28660,85
28670,14
28680,79
28690,34
28700,205
28710,41
28720,2
28730,1
28740,50
28750,85
28760,210
28770,133
28780,82
28790,183
28800,30
28810,100
28820,12
28830,59
28840,21
28850,43
28860,78
28870,149
28880,119
28890,82
28900,147
28910,78
28920,19
28930,89
28940,0
28950,127
28960,21
28970,119
28980,1
28990,8
29000,8
29010,14
29020,42
29030,58
29040,158
29050,60
29060,88
29070,87
29080,20
29090,35
29100,6364
29110,37
29120,128
29130,14
29140,45
29150,121
29160,27
29170,27
29180,56
29190,36
29200,32
29210,35
29220,23
29230,120
29240,13
29250,12
29260,97
29270,65
29280,4
29290,209
29300,199
29310,13
29320,119
29330,43
29340,39
29350,134
29360,20
29370,73
29380,4
29390,22
29400,2
29410,27
29420,56
29430,62
29440,25
29450,87
29460,30
29470,44
29480,0
29490,35
29500,110
29510,147
29520,41
29530,75
29540,69
29550,55
29560,2
29570,6
29580,14
29590,11
29600,16
29610,19
29620,16
29630,29
29640,68
29650,24
29660,21
29670,15
29680,47
29690,56
29700,7
29710,43
29720,46
29730,13
29740,108
29750,100
29760,81
29770,112
29780,289
29790,50
29800,44
29810,12
29820,73
29830,24
29840,17
29850,8
29860,14
29870,49
29880,4
29890,92
29900,13
29910,25
29920,5
29930,61
29940,20
29950,256
29960,13
29970,13
29980,34
29990,273
30000,86
30010,1
30020,35
30030,34
30040,139
30050,13
30060,56
30070,63
30080,54
30090,29
30100,89
30110,27
30120,22
30130,0
30140,22
30150,60
30160,13
30170,29
30180,4
30190,19
30200,83
30210,202
30220,22
30230,169
30240,429
30250,97
30260,188
30270,65
30280,83
30290,41
30300,4
30310,115
30320,1255
30330,28
30340,271
30350,464
30360,504
30370,769
30380,281
30390,38
30400,61
30410,121
30420,81
30430,396
30440,110
30450,489
30460,185
30470,297
30480,25
30490,53
30500,3
30510,41
30520,36
30530,8
30540,7
30550,75
30560,106
30570,57
30580,59
30590,22
30600,102
30610,26
30620,14
30630,18
30640,58
30650,54
30660,76
30670,80
30680,16
30690,275
30700,67
30710,94
30720,140
30730,156
30740,76
30750,20
30760,18
30770,427
30780,124
30790,110
30800,180
30810,18
30820,104
30830,64
30840,6
30850,24
30860,25
30870,58
30880,4
30890,150
30900,31
30910,76
30920,11
30930,8
30940,113
30950,13
30960,5
30970,70
30980,0
30990,26
31000,308
31010,36
31020,21
31030,156
31040,53
31050,40
31060,10
31070,8
31080,169
31090,6
31100,115
31110,70
31120,42
31130,23
31140,4
31150,38
31160,38
31170,65
31180,24
31190,18
31200,33
31210,113
31220,38
31230,20
31240,38
31250,56
31260,125
31270,211
31280,45
31290,122
31300,72
31310,75
31320,3
31330,155
31340,38
31350,31
31360,42
31370,64
31380,50
31390,12
31400,12
31410,14
31420,81
31430,54
31440,43
31450,36
31460,31
31470,69
31480,195
31490,50
31500,375
31510,77
31520,94
31530,23
31540,40
31550,200
31560,26
31570,135
31580,5
31590,14
31600,11
31610,8
31620,1
31630,77
31640,123
31650,159
31660,142
31670,102
31680,27
31690,60
31700,37
31710,77
31720,15
31730,56
31740,31
31750,103
31760,38
31770,24
31780,22
31790,122
31800,12
31810,55
31820,15
31830,42
31840,296
31850,17
31860,67
31870,124
31880,85
31890,90
31900,22
31910,36
31920,62
31930,0
31940,52
31950,22
31960,239
31970,73
31980,80
31990,309
32000,70
32010,137
32020,77
32030,15
32040,2
32050,14
32060,120
32070,74
32080,103
32090,80
32100,11
32110,242
32120,45
32130,50
32140,130
32150,28
32160,52
32170,246
32180,1
32190,6
32200,12
32210,20
32220,18
32230,104
32240,99
32250,168
32260,9
32270,265
32280,128
32290,34
32300,87
32310,42
32320,24
32330,20
32340,193
32350,31
32360,163
32370,21
32380,63
32390,32
32400,80
32410,61
32420,12
32430,64
32440,75
32450,13
32460,88
32470,20
32480,4
32490,1
32500,86
32510,138
32520,20
32530,218
32540,117
32550,43
32560,58
32570,202
32580,50
32590,42
32600,37
32610,67
32620,48
32630,112
32640,19
32650,17
32660,23
32670,24
32680,102
32690,22
32700,67
32710,214
32720,248
32730,35
32740,127
32750,2
32760,94
32770,74
32780,209
32790,40
32800,38
32810,18
32820,109
32830,42
32840,28
32850,53
32860,129
32870,87
32880,14
32890,55
32900,78
32910,1
32920,92
32930,15
32940,557
32950,115
32960,37
32970,298
32980,30
32990,13
33000,60
33010,16
33020,6
33030,62
33040,200
33050,104
33060,15
33070,24
33080,55
33090,67
33100,122
33110,17
33120,138
33130,25
33140,41
33150,139
33160,6
33170,363
33180,38
33190,76
33200,29
33210,232
33220,76
33230,0
33240,140
33250,51
33260,83
33270,0
33280,5
33290,46
33300,3
33310,124
33320,221
33330,16
33340,332
33350,48
33360,151
33370,17
33380,6
33390,25
33400,19
33410,123
33420,39
33430,18
33440,110
33450,72
33460,149
33470,114
33480,129
33490,39
33500,74
33510,44
33520,32
33530,26
33540,23
33550,16
33560,43
33570,4
33580,152
33590,162
33600,23
33610,150
33620,19
33630,186
33640,6
33650,52
33660,90
33670,478
33680,12
33690,16
33700,50
33710,114
33720,52
33730,115
33740,47
33750,94
33760,38
33770,60
33780,105
33790,71
33800,19
33810,108
33820,26
33830,134
33840,70
33850,60
33860,107
33870,55
33880,22
33890,49
33900,50
33910,6
33920,54
33930,36
33940,16
33950,224
33960,57
33970,204
33980,16
33990,261
34000,3
34010,28
34020,70
34030,200
34040,34
34050,42
34060,25
34070,87
34080,160
34090,47
34100,16
34110,198
34120,193
34130,105
34140,100
34150,44
34160,34
34170,22
34180,133
34190,22
34200,50
34210,25
34220,93
34230,70
34240,176
34250,0
34260,18
34270,57
34280,31
34290,114
34300,37
34310,15
34320,0
34330,72
34340,130
34350,100
34360,77
34370,196
34380,19
34390,60
34400,149
34410,12
34420,45
34430,50
34440,145
34450,36
34460,150
34470,94
34480,41
34490,84
34500,0
34510,45
34520,29
34530,15
34540,18
34550,6
34560,7
34570,55
34580,24
34590,12
34600,6
34610,105
34620,64
34630,32
34640,33
34650,23
34660,39
34670,52
34680,109
34690,32
34700,2
34710,188
34720,25
34730,28
34740,55
34750,109
34760,49
34770,98
34780,59
34790,324
34800,104
34810,15
34820,21
34830,109
34840,4
34850,33
34860,6
34870,110
34880,6
34890,244
34900,15
34910,108
34920,30
34930,31
34940,100
34950,3
34960,211
34970,18
34980,22
34990,1
35000,8
35010,0
35020,49
35030,25
35040,2
35050,36
35060,149
35070,198
35080,50
35090,151
35100,0
35110,66
35120,17
35130,227
35140,24
35150,57
35160,147
35170,37
35180,1
35190,119
35200,248
35210,75
35220,47
35230,203
35240,78
35250,44
35260,140
35270,36
35280,8
35290,65
35300,69
35310,5
35320,51
35330,25
35340,111
35350,177
35360,2
35370,146
35380,53
35390,97
35400,21
35410,126
35420,26
35430,5
35440,56
35450,172
35460,189
35470,53
35480,29
35490,197
35500,307
35510,58
35520,26
35530,182
35540,4
35550,108
35560,56
35570,97
35580,162
35590,188
35600,64
35610,39
35620,98
35630,108
35640,131
35650,67
35660,64
35670,11
35680,48
35690,19
35700,177
35710,66
35720,20
35730,400
35740,59
35750,211
35760,78
35770,48
35780,104
35790,60
35800,20
35810,5
35820,28
35830,33
35840,18
35850,121
35860,12
35870,94
35880,1
35890,31
35900,8
35910,52
35920,56
35930,115
35940,20
35950,76
35960,23
35970,1
35980,6
35990,21
36000,63
36010,1
36020,41
36030,29
36040,108
36050,98
36060,58
36070,24
36080,365
36090,91
36100,71
36110,119
36120,1
36130,20
36140,20
36150,8
36160,249
36170,23
36180,85
36190,49
36200,117
36210,132
36220,2
36230,62
36240,75
36250,49
36260,13
36270,26
36280,99
36290,73
36300,78
36310,34
36320,37
36330,13
36340,49
36350,0
36360,27
36370,412
36380,32
36390,24
36400,190
36410,5
36420,96
36430,165
36440,69
36450,1
36460,106
36470,32
36480,15
36490,8
36500,135
36510,119
36520,13
36530,39
36540,181
36550,50
36560,4
36570,53
36580,181
36590,106
36600,62
36610,193
36620,147
36630,66
36640,168
36650,70
36660,94
36670,28
36680,318
36690,70
36700,161
36710,115
36720,2
36730,96
36740,8
36750,33
36760,101
36770,98
36780,34
36790,27
36800,52
36810,481
36820,21
36830,81
36840,47
36850,74
36860,142
36870,149
36880,21
36890,109
36900,33
36910,42
36920,4
36930,76
36940,47
36950,8
36960,390
36970,232
36980,14
36990,18
37000,119
37010,10
37020,39
37030,13
37040,50
37050,40
37060,54
37070,29
37080,37
37090,37
37100,48
37110,38
37120,67
37130,0
37140,70
37150,136
37160,13
37170,152
37180,16
37190,11
37200,38
37210,5
37220,63
37230,34
37240,4
37250,20
37260,39
37270,200
37280,4
37290,13
37300,322
37310,48
37320,27
37330,86
37340,79
37350,88
37360,12
37370,81
37380,61
37390,170
37400,2
37410,117
37420,15
37430,19
37440,92
37450,121
37460,126
37470,43
37480,176
37490,65
37500,46
37510,262
37520,19
37530,152
37540,37
37550,6
37560,133
37570,12
37580,42
37590,18
37600,12
37610,6
37620,4
37630,91
37640,78
37650,90
37660,147
37670,78
37680,76
37690,22
37700,22
37710,8
37720,1
37730,128
37740,127
37750,3
37760,75
37770,80
37780,77
37790,2
37800,21
37810,266
37820,53
37830,199
37840,67
37850,28
37860,105
37870,130
37880,59
37890,86
37900,88
37910,173
37920,163
37930,4
37940,173
37950,74
37960,12
37970,35
37980,29
37990,34
38000,25
38010,84
38020,119
38030,122
38040,134
38050,35
38060,163
38070,329
38080,26
38090,88
38100,14
38110,53
38120,13
38130,31
38140,19
38150,178
38160,67
38170,45
38180,133
38190,10
38200,7
38210,4
38220,234
38230,60
38240,41
38250,48
38260,11
38270,0
38280,33
38290,53
38300,4
38310,151
38320,79
38330,2
38340,107
38350,156
38360,26
38370,18
38380,18
38390,367
38400,151
38410,159
38420,9
38430,171
38440,125
38450,230
38460,23
38470,184
38480,25
38490,50
38500,114
38510,495
38520,381
38530,122
38540,44
38550,87
38560,31
38570,201
38580,18
38590,15
38600,5
38610,148
38620,4
38630,91
38640,48
38650,12
38660,65
38670,24
38680,269
38690,209
38700,82
38710,116
38720,2
38730,7
38740,271
38750,195
38760,142
38770,34
38780,46
38790,83
38800,2
38810,89
38820,52
38830,41
38840,2
38850,0
38860,16
38870,235
38880,10
38890,24
38900,108
38910,51
38920,41
38930,199
38940,304
38950,409
38960,59
38970,394
38980,3
38990,150
39000,33
39010,320
39020,233
39030,50
39040,134
39050,89
39060,164
39070,52
39080,78
39090,76
39100,15
39110,21
39120,96
39130,0
39140,14
39150,206
39160,22
39170,36
39180,142
39190,95
39200,50
39210,18
39220,96
39230,137
39240,62
39250,47
39260,168
39270,41
39280,134
39290,82
39300,59
39310,90
39320,4
39330,207
39340,27
39350,37
39360,685
39370,78
39380,201
39390,20
39400,7
39410,96
39420,380
39430,75
39440,54
39450,131
39460,199
39470,126
39480,138
39490,217
39500,100
39510,11
39520,64
39530,156
39540,152
39550,206
39560,29
39570,103
39580,87
39590,200
39600,429
39610,38
39620,87
39630,7
39640,52
39650,302
39660,160
39670,1
39680,178
39690,71
39700,141
39710,57
39720,49
39730,144
39740,48
39750,64
39760,55
39770,12
39780,32
39790,58
39800,114
39810,239
39820,39
39830,268
39840,95
39850,42
39860,13
39870,0
39880,49
39890,124
39900,11
39910,38
39920,0
39930,135
39940,0
39950,169
39960,98
39970,168
39980,37
39990,45
40000,152
40010,108
40020,29
40030,28
40040,17
40050,51
40060,50
40070,74
40080,54
40090,31
40100,115
40110,127
40120,35
40130,105
40140,186
40150,203
40160,0
40170,126
40180,0
40190,98
40200,232
40210,11
40220,5
40230,35
40240,45
40250,2
40260,4
40270,27
40280,68
40290,12
40300,185
40310,36
40320,39
40330,113
40340,132
40350,104
40360,60
40370,145
40380,26
40390,58
40400,35
40410,111
40420,261
40430,113
40440,45
40450,121
40460,14
40470,209
40480,379
40490,141
40500,180
40510,79
40520,26
40530,23
40540,37
40550,45
40560,2
40570,120
40580,9
40590,11
40600,249
40610,41
40620,82
40630,22
40640,5
40650,31
40660,13
40670,65
40680,157
40690,310
40700,153
40710,95
40720,10
40730,45
40740,123
40750,15
40760,80
40770,96
40780,104
40790,205
40800,64
40810,222
40820,26
40830,139
40840,287
40850,108
40860,37
40870,102
40880,514
40890,21
40900,26
40910,128
40920,125
40930,4
40940,265
40950,25
40960,270
40970,28
40980,201
40990,0
41000,18
41010,40
41020,74
41030,40
41040,54
41050,144
41060,375
41070,6
41080,194
41090,57
41100,19
41110,542
41120,40
41130,62
41140,24
41150,28
41160,125
41170,315
41180,99
41190,217
41200,80
41210,1
41220,20
41230,59
41240,107
41250,114
41260,110
41270,337
41280,30
41290,38
41300,112
41310,257
41320,834
41330,50
41340,353
41350,30
41360,200
41370,79
41380,79
41390,29
41400,54
41410,281
41420,23
41430,121
41440,136
41450,8
41460,19
41470,87
41480,52
41490,14
41500,198
41510,89
41520,234
41530,14
41540,16
41550,44
41560,5
41570,70
41580,48
41590,60
41600,14
41610,107
41620,81
41630,12
41640,5
41650,48
41660,28
41670,11
41680,165
41690,263
41700,11
41710,70
41720,3
41730,9
41740,4
41750,34
41760,310
41770,14
41780,195
41790,114
41800,237
41810,0
41820,194
41830,235
41840,171
41850,124
41860,287
41870,80
41880,2
41890,55
41900,86
41910,82
41920,29
41930,131
41940,20
41950,449
41960,7
41970,19
41980,29
41990,135
42000,124
42010,58
42020,19
42030,190
42040,87
42050,64
42060,96
42070,78
42080,254
42090,29
42100,3
42110,28
42120,188
42130,18
42140,97
42150,19
42160,40
42170,58
42180,22
42190,387
42200,121
42210,198
42220,79
42230,147
42240,26
42250,55
42260,39
42270,130
42280,17
42290,134
42300,110
42310,20
42320,46
42330,108
42340,2
42350,40
42360,14
42370,25
42380,36
42390,76
42400,10
42410,54
42420,0
42430,130
42440,393
42450,563
42460,112
42470,35
42480,0
42490,103
42500,75
42510,24
42520,167
42530,337
42540,79
42550,3
42560,103
42570,61
42580,29
42590,106
42600,60
42610,25
42620,69
42630,127
42640,7
42650,21
42660,1
42670,96
42680,9
42690,26
42700,80
42710,168
42720,29
42730,17
42740,25
42750,369
42760,139
42770,82
42780,45
42790,54
42800,47
42810,14
42820,45
42830,48
42840,70
42850,120
42860,141
42870,241
42880,7
42890,59
42900,210
42910,0
42920,40
42930,102
42940,301
42950,25
42960,116
42970,153
42980,62
42990,196
43000,323
43010,46
43020,43
43030,122
43040,28
43050,530
43060,275
43070,207
43080,1
43090,163
43100,64
43110,52
43120,193
43130,18
43140,58
43150,34
43160,71
43170,34
43180,227
43190,95
43200,29
43210,159
43220,32
43230,77
43240,75
43250,90
43260,731
43270,61
43280,66
43290,2
43300,48
43310,263
43320,140
43330,77
43340,26
43350,125
43360,126
43370,2
43380,81
43390,220
43400,267
43410,36
43420,206
43430,39
43440,39
43450,18
43460,143
43470,133
43480,18
43490,302
43500,1
43510,5
43520,21
43530,115
43540,6
43550,36
43560,4
43570,324
43580,14
43590,11
43600,180
43610,40
43620,335
43630,99
43640,150
43650,157
43660,23
43670,202
43680,2
43690,45
43700,79
43710,107
43720,24
43730,1
43740,17
43750,109
43760,54
43770,637
43780,77
43790,163
43800,7
43810,625
43820,32
43830,236
43840,84
43850,31
43860,312
43870,27
43880,9
43890,4
43900,0
43910,286
43920,67
43930,141
43940,31
43950,12
43960,20
43970,56
43980,86
43990,50
44000,237
44010,223
44020,80
44030,57
44040,127
44050,41
44060,244
44070,24
44080,165
44090,73
44100,24
44110,49
44120,468
44130,100
44140,369
44150,64
44160,148
44170,75
44180,157
44190,26
44200,156
44210,128
44220,151
44230,389
44240,67
44250,93
44260,118
44270,161
44280,198
44290,69
44300,349
44310,354
44320,31
44330,90
44340,13
44350,78
44360,117
44370,60
44380,54
44390,209
44400,129
44410,127
44420,27
44430,92
44440,74
44450,139
44460,22
44470,291
44480,102
44490,174
44500,60
44510,19
44520,178
44530,45
44540,18
44550,157
44560,159
44570,15
44580,28
44590,25
44600,185
44610,22
44620,74
44630,133
44640,186
44650,67
44660,43
44670,240
44680,289
44690,223
44700,123
44710,103
44720,57
44730,10
44740,68
44750,107
44760,126
44770,12
44780,46
44790,54
44800,27
44810,228
44820,116
44830,94
44840,206
44850,35
44860,5
44870,303
44880,561
44890,147
44900,193
44910,78
44920,78
44930,61
44940,95
44950,129
44960,138
44970,64
44980,68
44990,61
45000,82
45010,339
45020,49
45030,11
45040,232
45050,21
45060,47
45070,8
45080,10
45090,87
45100,4
45110,8
45120,8
45130,35
45140,22
45150,25
45160,107
45170,64
45180,0
45190,62
45200,44
45210,21
45220,159
45230,8
45240,120
45250,45
45260,9
45270,147
45280,79
45290,2
45300,139
45310,67
45320,42
45330,45
45340,28
45350,82
45360,25
45370,6
45380,348
45390,87
45400,174
45410,1
45420,68
45430,16
45440,172
45450,52
45460,172
45470,41
45480,49
45490,52
45500,4
45510,1
45520,14
45530,89
45540,18
45550,21
45560,54
45570,112
45580,403
45590,25
45600,203
45610,63
45620,49
45630,146
45640,16
45650,38
45660,145
45670,4
45680,245
45690,55
45700,112
45710,518
45720,18
45730,44
45740,154
45750,171
45760,59
45770,40
45780,285
45790,11
45800,138
45810,17
45820,219
45830,132
45840,137
45850,24
45860,23
45870,60
45880,33
45890,127
45900,37
45910,62
45920,185
45930,574
45940,31
45950,35
45960,230
45970,269
45980,11
45990,1
46000,269
46010,226
46020,4
46030,52
46040,42
46050,106
46060,35
46070,5
46080,24
46090,182
46100,93
46110,179
46120,137
46130,5
46140,176
46150,88
46160,1
46170,71
46180,184
46190,224
46200,111
46210,93
46220,0
46230,19
46240,87
46250,31
46260,65
46270,65
46280,101
46290,14
46300,156
46310,26
46320,5
46330,35
46340,338
46350,65
46360,243
46370,18
46380,138
46390,146
46400,8
46410,21
46420,114
46430,17
46440,67
46450,41
46460,53
46470,83
46480,131
46490,4
46500,70
46510,81
46520,14
46530,43
46540,56
46550,16
46560,52
46570,30
46580,43
46590,139
46600,19
46610,180
46620,334
46630,4
46640,104
46650,24
46660,165
46670,107
46680,116
46690,35
46700,116
46710,229
46720,131
46730,5
46740,215
46750,38
46760,15
46770,231
46780,284
46790,294
46800,68
46810,19
46820,27
46830,4
46840,114
46850,3
46860,19
46870,256
46880,7
46890,24
46900,200
46910,14
46920,140
46930,207
46940,64
46950,45
46960,0
46970,115
46980,140
46990,272
47000,92
47010,161
47020,145
47030,114
47040,16
47050,42
47060,226
47070,5
47080,410
47090,177
47100,200
47110,10
47120,13
47130,53
47140,2
47150,51
47160,156
47170,8
47180,34
47190,79
47200,1
47210,192
47220,59
47230,481
47240,59
47250,12
47260,189
47270,119
47280,41
47290,12
47300,25
47310,118
47320,62
47330,120
47340,94
47350,105
47360,148
47370,6
47380,35
47390,13
47400,89
47410,75
47420,304
47430,34
47440,78
47450,458
47460,344
47470,84
47480,121
47490,337
47500,122
47510,9
47520,8
47530,138
47540,43
47550,20
47560,36
47570,64
47580,45
47590,71
47600,58
47610,126
47620,259
47630,44
47640,1
47650,61
47660,4
47670,277
47680,70
47690,114
47700,89
47710,155
47720,245
47730,107
47740,74
47750,35
47760,402
47770,61
47780,61
47790,136
47800,2
47810,122
47820,121
47830,18
47840,32
47850,5
47860,28
47870,1
47880,95
47890,36
47900,31
47910,409
47920,116
47930,62
47940,26
47950,19
47960,122
47970,12
47980,154
47990,188
48000,453
48010,55
48020,120
48030,224
48040,144
48050,57
48060,22
48070,390
48080,27
48090,11
48100,6
48110,79
48120,63
48130,342
48140,98
48150,46
48160,289
48170,63
48180,32
48190,196
48200,57
48210,38
48220,25
48230,194
48240,28
48250,246
48260,67
48270,78
48280,212
48290,30
48300,48
48310,84
48320,335
48330,161
48340,89
48350,607
48360,12
48370,129
48380,146
48390,12
48400,9
48410,84
48420,78
48430,73
48440,35
48450,148
48460,107
48470,132
48480,60
48490,121
48500,102
48510,147
48520,168
48530,82
48540,290
48550,82
48560,409
48570,168
48580,180
48590,321
48600,72
48610,218
48620,44
48630,84
48640,157
48650,21
48660,97
48670,192
48680,2
48690,87
48700,20
48710,42
48720,217
48730,31
48740,47
48750,76
48760,59
48770,162
48780,7
48790,32
48800,327
48810,12
48820,0
48830,40
48840,187
48850,175
48860,136
48870,21
48880,45
48890,97
48900,103
48910,41
48920,117
48930,35
48940,13
48950,48
48960,85
48970,193
48980,21
48990,81
49000,60
49010,75
49020,80
49030,160
49040,16
49050,86
49060,347
49070,54
49080,202
49090,169
49100,152
49110,171
49120,198
49130,38
49140,12
49150,57
49160,172
49170,177
49180,196
49190,26
49200,163
49210,5
49220,64
49230,68
49240,35
49250,44
49260,284
49270,84
49280,122
49290,77
49300,247
49310,196
49320,22
49330,71
49340,34
49350,56
49360,20
49370,174
49380,80
49390,120
49400,80
49410,75
49420,51
49430,39
49440,49
49450,231
49460,91
49470,136
49480,77
49490,53
49500,142
49510,99
49520,230
49530,3
49540,0
49550,148
49560,67
49570,101
49580,4
49590,10
49600,98
49610,4
49620,91
49630,126
49640,40
49650,163
49660,13
49670,125
49680,84
49690,133
49700,126
49710,106
49720,5
49730,208
49740,66
49750,18
49760,315
49770,126
49780,113
49790,126
49800,11
49810,47
49820,267
49830,86
49840,37
49850,91
49860,129
49870,197
49880,11
49890,95
49900,110
49910,120
49920,180
49930,158
49940,83
49950,32
49960,166
49970,292
49980,65
49990,112
50000,9
50010,78
50020,72
50030,99
50040,58
50050,110
50060,206
50070,11
50080,37
50090,139
50100,152
50110,96
50120,285
50130,55
50140,24
50150,10
50160,91
50170,181
50180,191
50190,50
50200,129
50210,240
50220,102
50230,114
50240,46
50250,207
50260,15
50270,158
50280,15
50290,168
50300,31
50310,365
50320,79
50330,9
50340,2
50350,79
50360,225
50370,11
50380,448
50390,57
50400,86
50410,18
50420,148
50430,56
50440,15
50450,372
50460,289
50470,23
50480,24
50490,0
50500,257
50510,40
50520,67
50530,0
50540,7
50550,117
50560,42
50570,141
50580,85
50590,110
50600,62
50610,40
50620,145
50630,19
50640,19
50650,148
50660,74
50670,47
50680,64
50690,82
50700,92
50710,19
50720,423
50730,78
50740,53
50750,45
50760,15
50770,198
50780,23
50790,29
50800,1
50810,324
50820,35
50830,243
50840,50
50850,15
50860,145
50870,57
50880,38
50890,332
50900,28
50910,65
50920,5
50930,166
50940,43
50950,4
50960,212
50970,265
50980,47
50990,18
51000,22
51010,170
51020,176
51030,2
51040,62
51050,71
51060,47
51070,48
51080,20
51090,30
51100,325
51110,276
51120,160
51130,65
51140,98
51150,173
51160,74
51170,4
51180,67
51190,101
51200,73
51210,205
51220,715
51230,74
51240,101
51250,1909
51260,445
51270,1311
51280,373
51290,127
51300,499
51310,148
51320,128
51330,149
51340,196
51350,13
51360,356
51370,179
51380,159
51390,140
51400,0
51410,86
51420,21
51430,201
51440,116
51450,74
51460,130
51470,5
51480,137
51490,29
51500,1
51510,8
51520,33
51530,0
51540,2
51550,45
51560,184
51570,142
51580,292
51590,70
51600,97
51610,65
51620,403
51630,117
51640,297
51650,73
51660,0
51670,0
51680,444
51690,138
51700,36
51710,258
51720,14
51730,29
51740,203
51750,227
51760,119
51770,59
51780,31
51790,34
51800,55
51810,240
51820,12
51830,39
51840,124
51850,71
51860,17
51870,311
51880,11
51890,84
51900,107
51910,177
51920,163
51930,21
51940,83
51950,197
51960,28
51970,4
51980,40
51990,3
52000,234
52010,105
52020,18
52030,225
52040,108
52050,224
52060,50
52070,34
52080,554
52090,6
52100,37
52110,185
52120,0
52130,0
52140,16
52150,22
52160,296
52170,67
52180,5
52190,45
52200,175
52210,422
52220,78
52230,265
52240,147
52250,109
52260,283
52270,194
52280,77
52290,68
52300,93
52310,70
52320,31
52330,129
52340,115
52350,119
52360,604
52370,37
52380,32
52390,29
52400,4
52410,128
52420,156
52430,57
52440,132
52450,94
52460,208
52470,19
52480,0
52490,19
52500,113
52510,155
52520,404
52530,143
52540,308
52550,78
52560,300
52570,75
52580,55
52590,27
52600,150
52610,238
52620,94
52630,36
52640,37
52650,60
52660,59
52670,164
52680,18
52690,204
52700,9
52710,15
52720,26
52730,86
52740,511
52750,260
52760,87
52770,177
52780,41
52790,301
52800,21
52810,92
52820,170
52830,4
52840,306
52850,56
52860,5
52870,145
52880,28
52890,260
52900,116
52910,60
52920,67
52930,61
52940,293
52950,102
52960,42
52970,134
52980,550
52990,16
53000,129
53010,15
53020,111
53030,44
53040,74
53050,326
53060,223
53070,334
53080,112
53090,1
53100,122
53110,269
53120,19
53130,3
53140,2
53150,261
53160,425
53170,0
53180,67
53190,106
53200,131
53210,317
53220,83
53230,508
53240,185
53250,21
53260,47
53270,23
53280,223
53290,46
53300,245
53310,51
53320,17
53330,93
53340,96
53350,13
53360,38
53370,209
53380,232
53390,98
53400,2
53410,33
53420,58
53430,136
53440,148
53450,39
53460,57
53470,263
53480,100
53490,136
53500,45
53510,19
53520,59
53530,68
53540,423
53550,171
53560,201
53570,123
53580,42
53590,56
53600,55
53610,123
53620,312
53630,82
53640,20
53650,81
53660,13
53670,272
53680,241
53690,43
53700,164
53710,542
53720,71
53730,54
53740,244
53750,15
53760,144
53770,32
53780,315
53790,234
53800,41
53810,19
53820,242
53830,181
53840,446
53850,83
53860,199
53870,34
53880,15
53890,428
53900,17
53910,18
53920,150
53930,54
53940,92
53950,244
53960,142
53970,61
53980,1
53990,187
54000,84
54010,37
54020,143
54030,47
54040,334
54050,18
54060,50
54070,152
54080,456
54090,13
54100,190
54110,72
54120,44
54130,203
54140,285
54150,80
54160,130
54170,313
54180,8
54190,95
54200,45
54210,39
54220,62
54230,27
54240,76
54250,53
54260,28
54270,2
54280,68
54290,130
54300,101
54310,160
54320,43
54330,100
54340,185
54350,60
54360,67
54370,375
54380,51
54390,13
54400,50
54410,88
54420,214
54430,304
54440,249
54450,74
54460,77
54470,117
54480,92
54490,390
54500,324
54510,61
54520,770
54530,32
54540,62
54550,165
54560,32
54570,174
54580,122
54590,171
54600,186
54610,66
54620,225
54630,99
54640,39
54650,83
54660,308
54670,200
54680,5
54690,164
54700,80
54710,102
54720,61
54730,26
54740,259
54750,72
54760,12
54770,129
54780,187
54790,249
54800,2
54810,183
54820,532
54830,21
54840,187
54850,4
54860,92
54870,375
54880,49
54890,85
54900,198
54910,47
54920,31
54930,48
54940,55
54950,18
54960,263
54970,217
54980,430
54990,134
55000,165
55010,42
55020,115
55030,645
55040,194
55050,13
55060,601
55070,79
55080,109
55090,196
55100,8
55110,26
55120,165
55130,96
55140,98
55150,8
55160,438
55170,7
55180,20
55190,37
55200,119
55210,23
55220,139
55230,151
55240,79
55250,61
55260,142
55270,107
55280,20
55290,90
55300,33
55310,185
55320,88
55330,80
55340,81
55350,119
55360,11
55370,29
55380,263
55390,379
55400,2
55410,68
55420,34
55430,190
55440,86
55450,135
55460,129
55470,373
55480,189
55490,110
55500,101
55510,37
55520,152
55530,80
55540,322
55550,48
55560,7
55570,41
55580,214
55590,115
55600,77
55610,177
55620,79
55630,116
55640,58
55650,258
55660,314
55670,1
55680,53
55690,113
55700,16
55710,12
55720,274
55730,159
55740,273
55750,126
55760,224
55770,2
55780,3
55790,20
55800,54
55810,70
55820,57
55830,233
55840,30
55850,327
55860,306
55870,33
55880,66
55890,98
55900,30
55910,52
55920,106
55930,42
55940,81
55950,83
55960,146
55970,242
55980,200
55990,157
56000,59
56010,323
56020,271
56030,42
56040,213
56050,73
56060,471
56070,64
56080,133
56090,148
56100,55
56110,63
56120,183
56130,112
56140,275
56150,38
56160,42
56170,148
56180,188
56190,42
56200,20
56210,61
56220,28
56230,315
56240,32
56250,30
56260,127
56270,222
56280,241
56290,18
56300,127
56310,199
56320,398
56330,51
56340,57
56350,31
56360,15
56370,40
56380,225
56390,38
56400,93
56410,172
56420,79
56430,87
56440,67
56450,14
56460,146
56470,85
56480,17
56490,12
56500,8
56510,330
56520,399
56530,165
56540,151
56550,9
56560,28
56570,52
56580,278
56590,159
56600,31
56610,70
56620,294
56630,184
56640,25
56650,27
56660,264
56670,96
56680,409
56690,353
56700,16
56710,133
56720,85
56730,195
56740,9
56750,80
56760,154
56770,303
56780,145
56790,48
56800,17
56810,420
56820,102
56830,37
56840,308
56850,82
56860,37
56870,57
56880,136
56890,34
56900,0
56910,124
56920,90
56930,65
56940,6
56950,221
56960,117
56970,55
56980,101
56990,125
57000,6
57010,60
57020,267
57030,98
57040,320
57050,26
57060,64
57070,81
57080,33
57090,25
57100,202
57110,330
57120,246
57130,28
57140,20
57150,308
57160,100
57170,109
57180,4
57190,101
57200,75
57210,153
57220,57
57230,166
57240,30
57250,168
57260,80
57270,13
57280,48
57290,19
57300,203
57310,265
57320,173
57330,60
57340,51
57350,66
57360,167
57370,13
57380,49
57390,384
57400,22
57410,1
57420,56
57430,90
57440,357
57450,68
57460,62
57470,57
57480,229
57490,219
57500,33
57510,318
57520,231
57530,280
57540,46
57550,127
57560,2
57570,140
57580,2
57590,292
57600,341
57610,98
57620,213
57630,61
57640,54
57650,216
57660,15
57670,120
57680,247
57690,579
57700,41
57710,107
57720,126
57730,44
57740,46
57750,29
57760,55
57770,80
57780,36
57790,25
57800,435
57810,319
57820,106
57830,37
57840,141
57850,292
57860,28
57870,508
57880,345
57890,274
57900,160
57910,114
57920,39
57930,229
57940,54
57950,176
57960,109
57970,175
57980,2
57990,90
58000,377
58010,238
58020,46
58030,122
58040,188
58050,6
58060,75
58070,27
58080,24
58090,176
58100,42
58110,97
58120,230
58130,16
58140,31
58150,70
58160,19
58170,75
58180,113
58190,101
58200,88
58210,294
58220,330
58230,111
58240,225
58250,91
58260,50
58270,526
58280,64
58290,183
58300,2
58310,135
58320,253
58330,86
58340,276
58350,5
58360,45
58370,83
58380,10
58390,45
58400,508
58410,14
58420,26
58430,186
58440,39
58450,0
58460,5
58470,20
58480,129
58490,372
58500,188
58510,43
58520,157
58530,40
58540,61
58550,204
58560,107
58570,89
58580,197
58590,199
58600,50
58610,57
58620,104
58630,64
58640,50
58650,24
58660,160
58670,187
58680,116
58690,17
58700,146
58710,274
58720,41
58730,140
58740,425
58750,444
58760,178
58770,76
58780,151
58790,207
58800,274
58810,265
58820,67
58830,142
58840,426
58850,35
58860,0
58870,97
58880,142
58890,59
58900,48
58910,161
58920,71
58930,60
58940,35
58950,129
58960,179
58970,12
58980,45
58990,338
59000,266
59010,23
59020,411
59030,23
59040,112
59050,111
59060,348
59070,11
59080,92
59090,19
59100,34
59110,20
59120,214
59130,27
59140,260
59150,13
59160,227
59170,378
59180,77
59190,113
59200,48
59210,74
59220,0
59230,145
59240,249
59250,31
59260,314
59270,8
59280,326
59290,144
59300,30
59310,106
59320,332
59330,13
59340,104
59350,224
59360,69
59370,20
59380,287
59390,16
59400,35
59410,24
59420,33
59430,43
59440,108
59450,169
59460,83
59470,133
59480,147
59490,97
59500,70
59510,37
59520,13
59530,221
59540,192
59550,332
59560,114
59570,97
59580,24
59590,170
59600,148
59610,322
59620,167
59630,25
59640,115
59650,69
59660,33
59670,8
59680,16
59690,7
59700,119
59710,75
59720,62
59730,218
59740,12
59750,28
59760,10
59770,8
59780,32
59790,184
59800,78
59810,281
59820,219
59830,22
59840,186
59850,141
59860,144
59870,8
59880,57
59890,58
59900,92
59910,338
59920,5
59930,398
59940,12
59950,147
59960,40
59970,84
59980,255
59990,194
60000,109
60010,57
60020,395
60030,222
60040,235
60050,337
60060,104
60070,340
60080,14
60090,40
60100,177
60110,150
60120,54
60130,39
60140,347
60150,494
60160,67
60170,267
60180,57
60190,19
60200,84
60210,30
60220,413
60230,182
60240,182
60250,51
60260,119
60270,122
60280,190
60290,142
60300,244
60310,82
60320,172
60330,133
60340,399
60350,1
60360,122
60370,265
60380,78
60390,388
60400,158
60410,31
60420,312
60430,90
60440,382
60450,343
60460,342
60470,26
60480,50
60490,125
60500,91
60510,136
60520,333
60530,14
60540,66
60550,292
60560,54
60570,132
60580,152
60590,228
60600,15
60610,155
60620,95
60630,20
60640,131
60650,5
60660,17
60670,97
60680,47
60690,72
60700,82
60710,47
60720,397
60730,149
60740,97
60750,88
60760,14
60770,91
60780,105
60790,127
60800,184
60810,54
60820,125
60830,1
60840,32
60850,306
60860,153
60870,44
60880,134
60890,135
60900,75
60910,18
60920,1
60930,153
60940,28
60950,0
60960,42
60970,6
60980,70
60990,212
61000,26
61010,33
61020,274
61030,21
61040,74
61050,0
61060,219
61070,630
61080,116
61090,74
61100,67
61110,31
61120,2
61130,2
61140,33
61150,357
61160,28
61170,25
61180,8
61190,230
61200,16
61210,257
61220,195
61230,184
61240,180
61250,1
61260,10
61270,175
61280,31
61290,84
61300,93
61310,9
61320,221
61330,7
61340,195
61350,129
61360,21
61370,130
61380,203
61390,94
61400,11
61410,97
61420,6
61430,65
61440,146
61450,214
61460,81
61470,15
61480,317
61490,40
61500,47
61510,41
61520,231
61530,9
61540,222
61550,44
61560,314
61570,268
61580,203
61590,173
61600,492
61610,228
61620,864
61630,69
61640,111
61650,296
61660,540
61670,52
61680,93
61690,92
61700,67
61710,79
61720,293
61730,84
61740,79
61750,113
61760,38
61770,69
61780,45
61790,17
61800,14
61810,131
61820,150
61830,160
61840,305
61850,63
61860,140
61870,189
61880,81
61890,87
61900,44
61910,90
61920,124
61930,77
61940,149
61950,69
61960,4
61970,5
61980,68
61990,90
62000,159
62010,95
62020,239
62030,191
62040,39
62050,0
62060,152
62070,160
62080,52
62090,55
62100,4
62110,102
62120,157
62130,820
62140,147
62150,104
62160,119
62170,363
62180,44
62190,16
62200,74
62210,297
62220,53
62230,247
62240,165
62250,38
62260,631
62270,71
62280,28
62290,154
62300,407
62310,0
62320,91
62330,138
62340,27
62350,417
62360,18
62370,29
62380,51
62390,19
62400,81
62410,339
62420,23
62430,194
62440,81
62450,285
62460,169
62470,127
62480,202
62490,50
62500,89
62510,10
62520,4
62530,64
62540,127
62550,75
62560,297
62570,625
62580,25
62590,518
62600,87
62610,25
62620,88
62630,35
62640,348
62650,54
62660,11
62670,94
62680,215
62690,13
62700,14796
62710,300
62720,132
62730,131
62740,92
62750,50
62760,73
62770,126
62780,582
62790,643
62800,95
62810,5
62820,484
62830,222
62840,86
62850,38
62860,196
62870,530
62880,217
62890,96
62900,48
62910,38
62920,46
62930,458
62940,181
62950,229
62960,79
62970,98
62980,10
62990,105
63000,152
63010,482
63020,94
63030,53
63040,66
63050,49
63060,108
63070,356
63080,216
63090,192
63100,475
63110,74
63120,76
63130,41
63140,303
63150,150
63160,256
63170,308
63180,46
63190,12
63200,62
63210,87
63220,88
63230,256
63240,232
63250,357
63260,103
63270,68
63280,120
63290,0
63300,104
63310,219
63320,74
63330,86
63340,28
63350,385
63360,149
63370,143
63380,244
63390,108
63400,9
63410,6
63420,14
63430,193
63440,151
63450,335
63460,135
63470,64
63480,6
63490,23
63500,131
63510,46
63520,51
63530,466
63540,74
63550,230
63560,411
63570,84
63580,442
63590,256
63600,115
63610,67
63620,248
63630,200
63640,150
63650,21
63660,97
63670,57
63680,31
63690,316
63700,186
63710,62
63720,13
63730,318
63740,71
63750,61
63760,97
63770,84
63780,55
63790,172
63800,220
63810,18
63820,44
63830,738
63840,77
63850,53
63860,242
63870,187
63880,111
63890,37
63900,206
63910,101
63920,501
63930,78
63940,15
63950,384
63960,365
63970,93
63980,374
63990,175
64000,121
64010,115
64020,399
64030,297
64040,386
64050,225
64060,131
64070,18
64080,240
64090,227
64100,91
64110,113
64120,110
64130,109
64140,34
64150,55
64160,125
64170,99
64180,65
64190,15
64200,120
64210,228
64220,24
64230,62
64240,43
64250,165
64260,214
64270,195
64280,16
64290,350
64300,44
64310,66
64320,5
64330,398
64340,269
64350,33
64360,12
64370,163
64380,55
64390,29
64400,110
64410,100
64420,69
64430,54
64440,81
64450,181
64460,189
64470,88
64480,262
64490,215
64500,39
64510,31
64520,176
64530,0
64540,45
64550,16
64560,165
64570,188
64580,76
64590,47
64600,88
64610,103
64620,99
64630,171
64640,165
64650,6
64660,67
64670,30
64680,42
64690,35
64700,11
64710,19
64720,82
64730,99
64740,139
64750,70
64760,16
64770,43
64780,178
64790,1
64800,39
64810,14
64820,66
64830,171
64840,242
64850,113
64860,23
64870,72
64880,66
64890,12
64900,229
64910,234
64920,29
64930,122
64940,34
64950,154
64960,243
64970,179
64980,9
64990,130
65000,107
65010,262
65020,50
65030,54
65040,93
65050,81
65060,200
65070,269
65080,113
65090,16
65100,25
65110,21
65120,2
65130,79
65140,348
65150,28
65160,160
65170,514
65180,608
65190,28
65200,554
65210,320
65220,105
65230,72
65240,100
65250,16
65260,324
65270,271
65280,245
65290,63
65300,5
65310,224
65320,176
65330,128
65340,116
65350,398
65360,206
65370,0
65380,269
65390,48
65400,10
65410,128
65420,94
65430,11
65440,122
65450,78
65460,128
65470,180
65480,64
65490,158
65500,97
65510,102
65520,12
65530,31
65540,116
65550,95
65560,17
65570,47
65580,2
65590,346
65600,79
65610,159
65620,196
65630,190
65640,24
65650,12
65660,112
65670,97
65680,131
65690,115
65700,140
65710,22
65720,116
65730,512
65740,92
65750,34
65760,347
65770,138
65780,237
65790,34
65800,72
65810,63
65820,142
65830,151
65840,15
65850,194
65860,6
65870,39
65880,89
65890,106
65900,211
65910,127
65920,34
65930,16
65940,125
65950,89
65960,15
65970,352
65980,177
65990,162
66000,0
66010,151
66020,26
66030,174
66040,847
66050,237
66060,110
66070,13
66080,30
66090,177
66100,1
66110,235
66120,232
66130,28
66140,15
66150,85
66160,149
66170,506
66180,75
66190,300
66200,116
66210,107
66220,67
66230,16
66240,64
66250,48
66260,236
66270,136
66280,102
66290,133
66300,153
66310,50
66320,17
66330,79
66340,1062
66350,19
66360,360
66370,188
66380,580
66390,188
66400,620
66410,157
66420,165
66430,112
66440,56
66450,109
66460,182
66470,57
66480,73
66490,116
66500,33
66510,50
66520,52
66530,13
66540,119
66550,4
66560,49
66570,137
66580,24
66590,538
66600,9
66610,87
66620,590
66630,292
66640,160
66650,91
66660,42
66670,60
66680,14
66690,104
66700,93
66710,98
66720,81
66730,22
66740,65
66750,94
66760,132
66770,324
66780,144
66790,123
66800,177
66810,188
66820,23
66830,57
66840,41
66850,215
66860,165
66870,61
66880,89
66890,317
66900,204
66910,145
66920,18
66930,37
66940,2
66950,21
66960,160
66970,42
66980,4
66990,69
67000,123
67010,160
67020,100
67030,30
67040,217
67050,50
67060,76
67070,20
67080,9
67090,59
67100,161
67110,70
67120,6
67130,31
67140,67
67150,171
67160,6
67170,118
67180,113
67190,327
67200,70
67210,108
67220,94
67230,276
67240,123
67250,129
67260,67
67270,37
67280,237
67290,109
67300,13
67310,31
67320,166
67330,131
67340,172
67350,7
67360,20
67370,366
67380,21
67390,92
67400,69
67410,258
67420,130
67430,145
67440,310
67450,111
67460,65
67470,294
67480,278
67490,533
67500,110
67510,21
67520,632
67530,71
67540,206
67550,164
67560,247
67570,22
67580,48
67590,461
67600,178
67610,195
67620,77
67630,684
67640,27
67650,413
67660,69
67670,130
67680,196
67690,370
67700,205
67710,26
67720,330
67730,264
67740,77
67750,476
67760,204
67770,23
67780,562
67790,245
67800,72
67810,93
67820,130
67830,81
67840,271
67850,15
67860,97
67870,54
67880,630
67890,435
67900,336
67910,58
67920,32
67930,44
67940,196
67950,39
67960,272
67970,103
67980,8
67990,108
68000,116
68010,77
68020,15
68030,99
68040,271
68050,43
68060,53
68070,34
68080,109
68090,58
68100,174
68110,88
68120,531
68130,20
68140,27
68150,161
68160,233
68170,66
68180,103
68190,14
68200,294
68210,80
68220,491
68230,76
68240,85
68250,159
68260,24
68270,30
68280,61
68290,2
68300,42
68310,54
68320,74
68330,61
68340,40
68350,39
68360,5
68370,61
68380,403
68390,38
68400,2
68410,203
68420,13
68430,156
68440,235
68450,15
68460,8
68470,45
68480,54
68490,69
68500,221
68510,48
68520,46
68530,211
68540,0
68550,56
68560,213
68570,418
68580,18
68590,30
68600,292
68610,275
68620,21
68630,94
68640,136
68650,388
68660,76
68670,75
68680,50
68690,204
68700,61
68710,72
68720,211
68730,141
68740,112
68750,419
68760,348
68770,265
68780,35
68790,151
68800,146
68810,43
68820,193
68830,183
68840,32
68850,77
68860,510
68870,243
68880,242
68890,29
68900,198
68910,206
68920,44
68930,71
68940,27
68950,175
68960,112
68970,269
68980,317
68990,12
69000,282
69010,26
69020,260
69030,16
69040,30
69050,479
69060,98
69070,63
69080,44
69090,233
69100,108
69110,151
69120,91
69130,138
69140,176
69150,2
69160,57
69170,91
69180,19
69190,263
69200,125
69210,14
69220,11
69230,203
69240,79
69250,326
69260,21
69270,34
69280,157
69290,94
69300,46
69310,134
69320,412
69330,22
69340,68
69350,147
69360,34
69370,47
69380,340
69390,656
69400,53
69410,50
69420,132
69430,435
69440,252
69450,85
69460,98
69470,185
69480,10
69490,184
69500,71
69510,149
69520,206
69530,34
69540,59
69550,12
69560,170
69570,252
69580,405
69590,575
69600,31
69610,28
69620,60
69630,15
69640,101
69650,295
69660,163
69670,97
69680,26
69690,148
69700,110
69710,77
69720,111
69730,122
69740,46
69750,94
69760,130
69770,47
69780,112
69790,46
69800,88
69810,209
69820,1111
69830,146
69840,71
69850,37
69860,168
69870,55
69880,6
69890,194
69900,55
69910,263
69920,70
69930,82
69940,118
69950,116
69960,144
69970,269
69980,61
69990,140
70000,220
70010,863
70020,89
70030,32
70040,274
70050,31
70060,103
70070,173
70080,163
70090,12
70100,88
70110,24
70120,89
70130,305
70140,122
70150,189
70160,111
70170,3
70180,151
70190,47
70200,271
70210,135
70220,673
70230,3
70240,525
70250,316
70260,96
70270,394
70280,146
70290,445
70300,90
70310,58
70320,258
70330,9
70340,85
70350,104
70360,38
70370,83
70380,150
70390,112
70400,76
70410,43
70420,251
70430,40
70440,19
70450,14
70460,105
70470,5
70480,72
70490,68
70500,18
70510,162
70520,184
70530,270
70540,66
70550,36
70560,158
70570,169
70580,124
70590,162
70600,163
70610,37
70620,171
70630,81
70640,269
70650,202
70660,151
70670,59
70680,40
70690,514
70700,148
70710,237
70720,280
70730,43
70740,136
70750,64
70760,78
70770,97
70780,384
70790,37
70800,237
70810,145
70820,79
70830,67
70840,160
70850,321
70860,304
70870,76
70880,147
70890,158
70900,26
70910,583
70920,182
70930,106
70940,41
70950,383
70960,125
70970,161
70980,235
70990,48
71000,15565
71010,123
71020,29
71030,192
71040,92
71050,153
71060,108
71070,11
71080,52
71090,225
71100,126
71110,206
71120,8
71130,53
71140,410
71150,64
71160,72
71170,39
71180,116
71190,66
71200,13
71210,138
71220,1
71230,72
71240,80
71250,200
71260,48
71270,79
71280,102
71290,70
71300,291
71310,136
71320,47
71330,179
71340,39
71350,289
71360,85
71370,51
71380,72
71390,54
71400,10
71410,173
71420,222
71430,66
71440,38
71450,163
71460,9
71470,158
71480,25
71490,65
71500,482
71510,63
71520,119
71530,6
71540,16
71550,208
71560,6
71570,30
71580,550
71590,63
71600,65
71610,26
71620,0
71630,145
71640,38
71650,28
71660,131
71670,98
71680,347
71690,218
71700,131
71710,486
71720,194
71730,479
71740,172
71750,473
71760,153
71770,180
71780,59
71790,43
71800,99
71810,39
71820,2
71830,37
71840,4
71850,227
71860,101
71870,185
71880,10
71890,266
71900,147
71910,37
71920,96
71930,54
71940,205
71950,121
71960,97
71970,13
71980,36
71990,71
72000,44
72010,206
72020,261
72030,221
72040,460
72050,140
72060,217
72070,9
72080,125
72090,27
72100,91
72110,515
72120,260
72130,97
72140,76
72150,75
72160,15
72170,4
72180,349
72190,151
72200,610
72210,480
72220,85
72230,261
72240,27
72250,224
72260,420
72270,25
72280,36
72290,64
72300,59
72310,355
72320,1
72330,67
72340,64
72350,172
72360,180
72370,379
72380,463
72390,391
72400,228
72410,93
72420,82
72430,32
72440,17
72450,199
72460,7
72470,56
72480,238
72490,34
72500,56
72510,153
72520,58
72530,36
72540,170
72550,268
72560,334
72570,346
72580,144
72590,6
72600,6
72610,99
72620,191
72630,14
72640,44
72650,92
72660,291
72670,100
72680,113
72690,12
72700,127
72710,288
72720,95
72730,25
72740,371
72750,98
72760,90
72770,41
72780,133
72790,36
72800,75
72810,226
72820,128
72830,89
72840,90
72850,93
72860,2
72870,40
72880,98
72890,127
72900,142
72910,52
72920,20
72930,94
72940,58
72950,93
72960,373
72970,98
72980,135
72990,113
73000,15787
73010,179
73020,108
73030,35
73040,191
73050,71
73060,107
73070,7
73080,67
73090,150
73100,95
73110,81
73120,5
73130,39
73140,38
73150,67
73160,363
73170,94
73180,264
73190,268
73200,132
73210,68
73220,59
73230,119
73240,114
73250,102
73260,331
73270,510
73280,592
73290,31
73300,6
73310,2
73320,52
73330,62
73340,4
73350,250
73360,34
73370,287
73380,42
73390,194
73400,445
73410,529
73420,36
73430,80
73440,21
73450,176
73460,217
73470,242
73480,295
73490,147
73500,39
73510,69
73520,46
73530,463
73540,117
73550,1
73560,322
73570,14
73580,206
73590,222
73600,84
73610,9
73620,386
73630,228
73640,150
73650,113
73660,4
73670,58
73680,221
73690,133
73700,464
73710,147
73720,204
73730,156
73740,24
73750,168
73760,61
73770,323
73780,589
73790,172
73800,402
73810,73
73820,148
73830,19
73840,114
73850,353
73860,484
73870,84
73880,131
73890,59
73900,306
73910,265
73920,33
73930,36
73940,32
73950,35
73960,145
73970,255
73980,177
73990,68
74000,213
74010,98
74020,287
74030,176
74040,75
74050,91
74060,84
74070,148
74080,244
74090,48
74100,255
74110,26
74120,40
74130,58
74140,249
74150,165
74160,87
74170,31
74180,329
74190,41
74200,261
74210,26
74220,24
74230,571
74240,33
74250,163
74260,271
74270,62
74280,235
74290,248
74300,166
74310,146
74320,142
74330,94
74340,39
74350,214
74360,46
74370,214
74380,41
74390,68
74400,87
74410,31
74420,25
74430,112
74440,163
74450,55
74460,341
74470,169
74480,93
74490,467
74500,139
74510,195
74520,165
74530,12
74540,225
74550,69
74560,170
74570,349
74580,41
74590,13
74600,82
74610,170
74620,107
74630,382
74640,58
74650,35
74660,42
74670,101
74680,58
74690,207
74700,8
74710,212
74720,502
74730,82
74740,172
74750,70
74760,26
74770,177
74780,3
74790,55
74800,97
74810,347
74820,494
74830,183
74840,141
74850,388
74860,176
74870,4
74880,21
74890,97
74900,235
74910,123
74920,115
74930,213
74940,83
74950,125
74960,136
74970,60
74980,552
74990,110
75000,412
75010,145
75020,90
75030,255
75040,41
75050,82
75060,266
75070,11
75080,18
75090,37
75100,48
75110,276
75120,38
75130,20
75140,281
75150,105
75160,89
75170,29
75180,84
75190,98
75200,955
75210,189
75220,135
75230,1
75240,164
75250,26
75260,98
75270,462
75280,102
75290,267
75300,237
75310,244
75320,16
75330,122
75340,269
75350,85
75360,5
75370,85
75380,33
75390,41
75400,710
75410,207
75420,412
75430,182
75440,23
75450,81
75460,59
75470,11
75480,1449
75490,133
75500,5
75510,78
75520,410
75530,15
75540,228
75550,240
75560,48
75570,378
75580,13
75590,111
75600,53
75610,46
75620,35
75630,72
75640,165
75650,449
75660,286
75670,80
75680,45
75690,17
75700,143
75710,287
75720,209
75730,16
75740,99
75750,211
75760,12
75770,47
75780,166
75790,167
75800,183
75810,211
75820,12
75830,153
75840,19
75850,232
75860,341
75870,103
75880,41
75890,46
75900,1
75910,244
75920,402
75930,80
75940,392
75950,26
75960,180
75970,292
75980,55
75990,204
76000,72
76010,210
76020,103
76030,21
76040,251
76050,111
76060,6
76070,56
76080,98
76090,432
76100,94
76110,379
76120,309
76130,379
76140,820
76150,211
76160,343
76170,9
76180,79
76190,142
76200,111
76210,278
76220,25
76230,4
76240,25
76250,184
76260,130
76270,132
76280,161
76290,442
76300,27
76310,371
76320,155
76330,182
76340,237
76350,216
76360,203
76370,174
76380,71
76390,355
76400,52
76410,244
76420,178
76430,182
76440,263
76450,663
76460,367
76470,195
76480,280
76490,24
76500,73
76510,94
76520,20
76530,28
76540,372
76550,118
76560,79
76570,199
76580,204
76590,210
76600,275
76610,132
76620,17
76630,95
76640,77
76650,58
76660,1
76670,20
76680,741
76690,65
76700,201
76710,474
76720,178
76730,124
76740,5
76750,47
76760,54
76770,252
76780,135
76790,127
76800,355
76810,255
76820,192
76830,50
76840,65
76850,181
76860,58
76870,54
76880,41
76890,78
76900,1
76910,28
76920,99
76930,161
76940,587
76950,230
76960,108
76970,334
76980,74
76990,74
77000,47
77010,249
77020,208
77030,27
77040,227
77050,263
77060,73
77070,325
77080,24
77090,74
77100,37
77110,42
77120,38
77130,18
77140,123
77150,230
77160,239
77170,39
77180,58
77190,214
77200,219
77210,368
77220,161
77230,235
77240,24
77250,135
77260,135
77270,188
77280,19
77290,15
77300,180
77310,109
77320,287
77330,89
77340,308
77350,698
77360,89
77370,126
77380,234
77390,8
77400,62
77410,49
77420,286
77430,324
77440,363
77450,42
77460,163
77470,34
77480,474
77490,16
77500,60
77510,181
77520,322
77530,67
77540,101
77550,54
77560,183
77570,140
77580,76
77590,34
77600,167
77610,284
77620,19
77630,53
77640,109
77650,84
77660,71
77670,211
77680,148
77690,261
77700,43
77710,144
77720,103
77730,522
77740,75
77750,259
77760,232
77770,21
77780,347
77790,131
77800,4
77810,130
77820,133
77830,92
77840,334
77850,326
77860,26
77870,139
77880,83
77890,359
77900,150
77910,351
77920,152
77930,67
77940,135
77950,53
77960,542
77970,118
77980,272
77990,35
78000,446
78010,56
78020,263
78030,165
78040,168
78050,276
78060,131
78070,24
78080,342
78090,20
78100,183
78110,343
78120,541
78130,42
78140,138
78150,124
78160,352
78170,22
78180,53
78190,512
78200,307
78210,28
78220,171
78230,65
78240,22
78250,296
78260,309
78270,255
78280,162
78290,149
78300,227
78310,21
78320,262
78330,82
78340,104
78350,462
78360,23
78370,649
78380,114
78390,1
78400,36
78410,70
78420,278
78430,69
78440,130
78450,29
78460,195
78470,27
78480,48
78490,263
78500,93
78510,126
78520,12
78530,71
78540,53
78550,70
78560,50
78570,365
78580,639
78590,112
78600,61
78610,30
78620,40
78630,341
78640,349
78650,404
78660,33
78670,17
78680,131
78690,916
78700,14
78710,19
78720,60
78730,87
78740,311
78750,303
78760,2
78770,124
78780,156
78790,173
78800,21
78810,13
78820,103
78830,142
78840,440
78850,167
78860,199
78870,318
78880,194
78890,70
78900,86
78910,367
78920,134
78930,1088
78940,107
78950,22
78960,145
78970,753
78980,68
78990,1948
79000,63
79010,111
79020,120
79030,46
79040,37
79050,153
79060,75
79070,184
79080,121
79090,2
79100,282
79110,145
79120,445
79130,158
79140,161
79150,16
79160,160
79170,137
79180,230
79190,35
79200,509
79210,36
79220,179
79230,129
79240,109
79250,364
79260,122
79270,89
79280,155
79290,138
79300,22
79310,58
79320,144
79330,49
79340,33
79350,638
79360,227
79370,8
79380,363
79390,159
79400,71
79410,573
79420,11
79430,123
79440,366
79450,29
79460,153
79470,216
79480,54
79490,151
79500,616
79510,42
79520,148
79530,96
79540,61
79550,65
79560,85
79570,72
79580,80
79590,573
79600,165
79610,67
79620,402
79630,245
79640,2
79650,235
79660,342
79670,58
79680,107
79690,304
79700,93
79710,167
79720,312
79730,27
79740,279
79750,255
79760,5
79770,105
79780,277
79790,472
79800,117
79810,86
79820,713
79830,115
79840,39
79850,87
79860,11
79870,118
79880,349
79890,18
79900,178
79910,135
79920,263
79930,572
79940,81
79950,2
79960,0
79970,97
79980,60
79990,22
80000,27
80010,192
80020,98
80030,102
80040,405
80050,65
80060,200
80070,155
80080,468
80090,270
80100,143
80110,89
80120,37
80130,288
80140,505
80150,259
80160,503
80170,443
80180,312
80190,65
80200,34
80210,121
80220,39
80230,21
80240,180
80250,198
80260,22
80270,6
80280,128
80290,10
80300,282
80310,440
80320,107
80330,53
80340,33
80350,95
80360,64
80370,0
80380,146
80390,118
80400,62
80410,112
80420,210
80430,3
80440,6
80450,0
80460,147
80470,8
80480,103
80490,540
80500,22
80510,885
80520,98
80530,260
80540,395
80550,19
80560,101
80570,141
80580,160
80590,67
80600,55
80610,263
80620,78
80630,118
80640,199
80650,89
80660,160
80670,595
80680,243
80690,241
80700,647
80710,51
80720,36
80730,77
80740,216
80750,96
80760,167
80770,484
80780,57
80790,70
80800,89
80810,53
80820,49
80830,79
80840,86
80850,162
80860,344
80870,170
80880,0
80890,48
80900,118
80910,94
80920,577
80930,69
80940,238
80950,100
80960,351
80970,241
80980,103
80990,217
81000,103
81010,81
81020,102
81030,140
81040,70
81050,257
81060,184
81070,734
81080,167
81090,233
81100,175
81110,133
81120,650
81130,56
81140,208
81150,179
81160,104
81170,135
81180,23
81190,39
81200,800
81210,102
81220,109
81230,251
81240,131
81250,271
81260,97
81270,39
81280,7
81290,96
81300,292
81310,234
81320,258
81330,491
81340,125
81350,116
81360,182
81370,54
81380,122
81390,316
81400,13
81410,126
81420,345
81430,298
81440,99
81450,83
81460,36
81470,367
81480,64
81490,421
81500,249
81510,137
81520,188
81530,62
81540,42
81550,83
81560,4
81570,161
81580,25
81590,23
81600,313
81610,78
81620,119
81630,353
81640,31
81650,78
81660,169
81670,25
81680,105
81690,14
81700,605
81710,788
81720,200
81730,14
81740,367
81750,304
81760,21
81770,39
81780,172
81790,374
81800,106
81810,243
81820,65
81830,208
81840,13
81850,14
81860,244
81870,172
81880,18
81890,150
81900,215
81910,24
81920,86
81930,4
81940,15
81950,80
81960,28
81970,136
81980,178
81990,28
82000,262
82010,221
82020,932
82030,77
82040,355
82050,73
82060,5239
82070,49
82080,257
82090,497
82100,105
82110,306
82120,9
82130,51
82140,425
82150,27
82160,323
82170,151
82180,6
82190,43
82200,28
82210,2
82220,217
82230,107
82240,159
82250,123
82260,429
82270,112
82280,76
82290,449
82300,312
82310,105
82320,257
82330,182
82340,44
82350,141
82360,34
82370,68
82380,222
82390,119
82400,115
82410,178
82420,545
82430,158
82440,199
82450,114
82460,400
82470,381
82480,6
82490,339
82500,47
82510,498
82520,150
82530,421
82540,77
82550,7
82560,444
82570,283
82580,168
82590,215
82600,281
82610,85
82620,471
82630,156
82640,76
82650,22
82660,215
82670,110
82680,46
82690,446
82700,11
82710,374
82720,12
82730,383
82740,217
82750,26
82760,849
82770,115
82780,290
82790,46
82800,358
82810,83
82820,104
82830,461
82840,318
82850,354
82860,79
82870,304
82880,27
82890,453
82900,22
82910,107
82920,9
82930,260
82940,2
82950,511
82960,20
82970,19
82980,318
82990,257
83000,262
83010,449
83020,207
83030,54
83040,281
83050,111
83060,157
83070,540
83080,34
83090,225
83100,150
83110,8
83120,36
83130,179
83140,186
83150,4
83160,216
83170,25
83180,16
83190,55
83200,40
83210,166
83220,343
83230,26
83240,793
83250,28
83260,337
83270,71
83280,83
83290,239
83300,109
83310,96
83320,113
83330,150
83340,134
83350,349
83360,301
83370,325
83380,356
83390,40
83400,38
83410,150
83420,45
83430,125
83440,187
83450,20
83460,597
83470,216
83480,8
83490,467
83500,60
83510,200
83520,158
83530,291
83540,432
83550,80
83560,42
83570,657
83580,180
83590,61
83600,491
83610,448
83620,135
83630,14
83640,9
83650,237
83660,12
83670,52
83680,216
83690,24
83700,305
83710,627
83720,324
83730,40
83740,319
83750,30
83760,78
83770,54
83780,227
83790,207
83800,96
83810,475
83820,194
83830,89
83840,156
83850,137
83860,109
83870,17
83880,133
83890,77
83900,109
83910,18
83920,6
83930,194
83940,33
83950,109
83960,425
83970,53
83980,170
83990,127
84000,70
84010,243
84020,892
84030,110
84040,3
84050,26
84060,166
84070,88
84080,75
84090,63
84100,81
84110,112
84120,34
84130,433
84140,101
84150,15
84160,490
84170,14
84180,2
84190,38
84200,394
84210,271
84220,199
84230,37
84240,34
84250,85
84260,550
84270,135
84280,141
84290,20
84300,80
84310,143
84320,46
84330,152
84340,29
84350,271
84360,264
84370,247
84380,55
84390,159
84400,132
84410,75
84420,65
84430,202
84440,101
84450,28
84460,100
84470,109
84480,57
84490,460
84500,3
84510,487
84520,299
84530,304
84540,269
84550,43
84560,403
84570,211
84580,16
84590,496
84600,95
84610,235
84620,146
84630,59
84640,158
84650,318
84660,86
84670,100
84680,121
84690,175
84700,40
84710,89
84720,0
84730,15
84740,21
84750,37
84760,120
84770,179
84780,88
84790,25
84800,129
84810,280
84820,125
84830,226
84840,247
84850,88
84860,62
84870,208
84880,726
84890,415
84900,29
84910,306
84920,5
84930,59
84940,217
84950,23
84960,116
84970,479
84980,27
84990,131
85000,31
85010,339
85020,168
85030,562
85040,28
85050,460
85060,30
85070,122
85080,290
85090,305
85100,21
85110,22
85120,14
85130,8
85140,7
85150,144
85160,70
85170,325
85180,96
85190,32
85200,80
85210,101
85220,163
85230,135
85240,497
85250,251
85260,138
85270,129
85280,118
85290,105
85300,108
85310,186
85320,220
85330,694
85340,79
85350,142
85360,840
85370,148
85380,175
85390,112
85400,65
85410,61
85420,50
85430,19
85440,254
85450,229
85460,31
85470,61
85480,362
85490,136
85500,377
85510,792
85520,485
85530,136
85540,134
85550,911
85560,451
85570,1
85580,473
85590,90
85600,29
85610,90
85620,227
85630,224
85640,215
85650,355
85660,245
85670,39
85680,9
85690,404
85700,195
85710,157
85720,258
85730,25
85740,359
85750,86
85760,128
85770,89
85780,389
85790,120
85800,50
85810,636
85820,222
85830,4
85840,147
85850,141
85860,69
85870,121
85880,163
85890,169
85900,426
85910,718
85920,53
85930,0
85940,65
85950,69
85960,132
85970,249
85980,213
85990,509
86000,30
86010,464
86020,25
86030,127
86040,28
86050,107
86060,163
86070,170
86080,15
86090,115
86100,23
86110,667
86120,232
86130,40
86140,108
86150,247
86160,170
86170,73
86180,62
86190,171
86200,47
86210,648
86220,637
86230,685
86240,8
86250,49
86260,553
86270,408
86280,1182
86290,53
86300,12
86310,153
86320,5
86330,4
86340,220
86350,797
86360,53
86370,75
86380,641
86390,84
86400,43
86410,166
86420,23
86430,104
86440,98
86450,94
86460,82
86470,996
86480,169
86490,127
86500,37
86510,52
86520,35
86530,23
86540,6
86550,227
86560,39
86570,56
86580,124
86590,254
86600,159
86610,21
86620,2
86630,488
86640,116
86650,401
86660,13
86670,147
86680,507
86690,297
86700,105
86710,246
86720,249
86730,226
86740,236
86750,48
86760,76
86770,124
86780,18
86790,31
86800,119
86810,292
86820,450
86830,98
86840,92
86850,176
86860,103
86870,64
86880,6
86890,122
86900,47
86910,65
86920,175
86930,134
86940,189
86950,164
86960,145
86970,544
86980,211
86990,136
87000,358
87010,249
87020,52
87030,66
87040,52
87050,4
87060,153
87070,195
87080,624
87090,84
87100,122
87110,20
87120,139
87130,62
87140,262
87150,44
87160,169
87170,482
87180,75
87190,960
87200,350
87210,205
87220,210
87230,272
87240,464
87250,40
87260,718
87270,191
87280,33
87290,175
87300,79
87310,448
87320,168
87330,153
87340,335
87350,136
87360,81
87370,375
87380,137
87390,33
87400,15
87410,288
87420,9
87430,722
87440,327
87450,221
87460,3
87470,38
87480,203
87490,41
87500,394
87510,117
87520,308
87530,97
87540,13
87550,167
87560,354
87570,19
87580,67
87590,28
87600,36
87610,521
87620,258
87630,55
87640,17
87650,174
87660,151
87670,37
87680,464
87690,61
87700,380
87710,69
87720,14
87730,248
87740,505
87750,296
87760,338
87770,25
87780,120
87790,34
87800,155
87810,170
87820,34
87830,35
87840,23
87850,33
87860,0
87870,56
87880,113
87890,39
87900,490
87910,87
87920,175
87930,232
87940,141
87950,42
87960,986
87970,93
87980,361
87990,608
88000,294
88010,405
88020,54
88030,248
88040,455
88050,345
88060,313
88070,589
88080,94
88090,153
88100,11
88110,112
88120,161
88130,175
88140,313
88150,63
88160,193
88170,175
88180,106
88190,121
88200,350
88210,162
88220,269
88230,32
88240,488
88250,442
88260,95
88270,516
88280,227
88290,100
88300,16
88310,29
88320,249
88330,47
88340,140
88350,92
88360,126
88370,216
88380,246
88390,55
88400,159
88410,147
88420,255
88430,46
88440,240
88450,168
88460,79
88470,249
88480,726
88490,209
88500,410
88510,121
88520,62
88530,80
88540,149
88550,71
88560,296
88570,102
88580,38
88590,42
88600,120
88610,218
88620,71
88630,233
88640,165
88650,65
88660,111
88670,422
88680,305
88690,70
88700,9
88710,427
88720,49
88730,197
88740,243
88750,63
88760,14
88770,99
88780,324
88790,69
88800,1010
88810,25
88820,33
88830,265
88840,199
88850,5
88860,990
88870,92
88880,214
88890,33
88900,121
88910,44
88920,631
88930,484
88940,65
88950,159
88960,188
88970,656
88980,230
88990,106
89000,453
89010,969
89020,24
89030,43
89040,104
89050,198
89060,25
89070,211
89080,574
89090,44
89100,126
89110,44
89120,689
89130,110
89140,72
89150,115
89160,97
89170,96
89180,15
89190,221
89200,52
89210,93
89220,183
89230,132
89240,149
89250,9
89260,203
89270,2
89280,401
89290,131
89300,185
89310,185
89320,37
89330,351
89340,20
89350,0
89360,316
89370,83
89380,93
89390,106
89400,330
89410,349
89420,459
89430,156
89440,90
89450,281
89460,87
89470,464
89480,597
89490,70
89500,236
89510,242
89520,90
89530,107
89540,228
89550,227
89560,617
89570,177
89580,18
89590,146
89600,139
89610,3
89620,313
89630,108
89640,289
89650,86
89660,254
89670,282
89680,133
89690,38
89700,238
89710,267
89720,102
89730,233
89740,175
89750,20
89760,109
89770,12
89780,96
89790,67
89800,25
89810,285
89820,234
89830,127
89840,391
89850,63
89860,112
89870,193
89880,160
89890,169
89900,241
89910,81
89920,48
89930,21
89940,119
89950,510
89960,773
89970,10
89980,462
89990,234
90000,99
90010,462
90020,9
90030,251
90040,440
90050,163
90060,77
90070,191
90080,140
90090,221
90100,309
90110,135
90120,100
90130,16
90140,63
90150,271
90160,34
90170,33
90180,73
90190,8
90200,24
90210,67
90220,166
90230,52
90240,381
90250,238
90260,264
90270,226
90280,138
90290,102
90300,841
90310,40
90320,32
90330,16
90340,147
90350,959
90360,173
90370,277
90380,68
90390,250
90400,646
90410,220
90420,44
90430,675
90440,139
90450,142
90460,325
90470,123
90480,87
90490,42
90500,308
90510,151
90520,104
90530,13
90540,331
90550,170
90560,139
90570,12
90580,8
90590,61
90600,30
90610,155
90620,50
90630,43
90640,118
90650,96
90660,2
90670,216
90680,33
90690,717
90700,81
90710,179
90720,50
90730,12
90740,50
90750,433
90760,30
90770,73
90780,8
90790,372
90800,61
90810,10
90820,20
90830,86
90840,156
90850,288
90860,200
90870,21
90880,257
90890,244
90900,466
90910,126
90920,179
90930,254
90940,147
90950,99
90960,25
90970,279
90980,31
90990,2
91000,347
91010,229
91020,90
91030,8
91040,285
91050,59
91060,541
91070,417
91080,655
91090,303
91100,482
91110,112
91120,174
91130,61
91140,482
91150,225
91160,33
91170,477
91180,169
91190,107
91200,28
91210,110
91220,116
91230,580
91240,53
91250,102
91260,56
91270,209
91280,174
91290,4
91300,44
91310,424
91320,101
91330,36
91340,57
91350,20
91360,119
91370,195
91380,554
91390,334
91400,518
91410,9
91420,369
91430,515
91440,46
91450,352
91460,215
91470,261
91480,359
91490,148
91500,425
91510,164
91520,22
91530,311
91540,40
91550,25
91560,403
91570,57
91580,31
91590,52
91600,123
91610,219
91620,54
91630,53
91640,247
91650,117
91660,35
91670,248
91680,218
91690,376
91700,81
91710,87
91720,53
91730,27
91740,49
91750,18
91760,265
91770,65
91780,1
91790,28
91800,199
91810,90
91820,356
91830,151
91840,157
91850,473
91860,153
91870,5
91880,121
91890,361
91900,160
91910,658
91920,287
91930,45
91940,78
91950,159
91960,96
91970,18
91980,143
91990,32
92000,83
92010,386
92020,115
92030,292
92040,32
92050,36
92060,433
92070,127
92080,35
92090,6
92100,68
92110,881
92120,283
92130,213
92140,124
92150,48
92160,154
92170,370
92180,25
92190,265
92200,93
92210,227
92220,219
92230,877
92240,47
92250,69
92260,35
92270,46
92280,16
92290,124
92300,338
92310,273
92320,42
92330,436
92340,158
92350,237
92360,11
92370,667
92380,100
92390,245
92400,139
92410,620
92420,9
92430,113
92440,295
92450,546
92460,728
92470,76
92480,115
92490,61
92500,264
92510,230
92520,343
92530,91
92540,66
92550,149
92560,214
92570,52
92580,30
92590,74
92600,17
92610,288
92620,314
92630,145
92640,189
92650,90
92660,187
92670,131
92680,281
92690,73
92700,46
92710,87
92720,55
92730,4
92740,73
92750,218
92760,223
92770,41
92780,47
92790,456
92800,242
92810,283
92820,279
92830,717
92840,76
92850,41
92860,599
92870,464
92880,29
92890,81
92900,414
92910,135
92920,74
92930,82
92940,195
92950,467
92960,147
92970,114
92980,124
92990,590
93000,111
93010,174
93020,158
93030,64
93040,173
93050,103
93060,111
93070,358
93080,64
93090,49
93100,96
93110,65
93120,330
93130,44
93140,265
93150,251
93160,2
93170,397
93180,768
93190,910
93200,131
93210,93
93220,181
93230,116
93240,19
93250,99
93260,44
93270,133
93280,179
93290,132
93300,84
93310,395
93320,665
93330,691
93340,473
93350,199
93360,240
93370,317
93380,21
93390,288
93400,564
93410,9
93420,72
93430,152
93440,224
93450,174
93460,150
93470,349
93480,265
93490,508
93500,237
93510,145
93520,182
93530,0
93540,162
93550,20
93560,116
93570,156
93580,60
93590,90
93600,166
93610,238
93620,272
93630,121
93640,36
93650,238
93660,42
93670,537
93680,137
93690,450
93700,30
93710,41
93720,56
93730,187
93740,316
93750,61
93760,47
93770,657
93780,127
93790,140
93800,460
93810,74
93820,117
93830,164
93840,41
93850,141
93860,154
93870,207
93880,461
93890,109
93900,107
93910,502
93920,400
93930,117
93940,28
93950,318
93960,188
93970,10
93980,178
93990,40
94000,23
94010,160
94020,45
94030,26
94040,401
94050,184
94060,170
94070,37
94080,117
94090,172
94100,140
94110,809
94120,16
94130,106
94140,92
94150,155
94160,402
94170,55
94180,181
94190,704
94200,159
94210,325
94220,140
94230,135
94240,33
94250,484
94260,157
94270,344
94280,36
94290,405
94300,392
94310,106
94320,199
94330,56
94340,16
94350,238
94360,158
94370,17
94380,90
94390,232
94400,59
94410,123
94420,26
94430,308
94440,87
94450,27
94460,307
94470,250
94480,254
94490,204
94500,0
94510,44
94520,325
94530,32
94540,70
94550,214
94560,1246
94570,120
94580,255
94590,398
94600,163
94610,125
94620,85
94630,141
94640,52
94650,321
94660,376
94670,188
94680,22
94690,240
94700,18
94710,72
94720,58
94730,636
94740,245
94750,33
94760,63
94770,25
94780,359
94790,16
94800,242
94810,1733
94820,68
94830,163
94840,620
94850,115
94860,243
94870,50
94880,268
94890,153
94900,56
94910,182
94920,195
94930,39
94940,51
94950,254
94960,332
94970,76
94980,136
94990,81
95000,370
95010,637
95020,261
95030,31
95040,227
95050,84
95060,265
95070,168
95080,50
95090,217
95100,88
95110,706
95120,46
95130,116
95140,420
95150,151
95160,495
95170,151
95180,42
95190,1003
95200,621
95210,795
95220,93
95230,98
95240,254
95250,132
95260,395
95270,44
95280,114
95290,445
95300,396
95310,100
95320,9
95330,133
95340,192
95350,135
95360,111
95370,53
95380,60
95390,72
95400,440
95410,62
95420,351
95430,117
95440,1653
95450,48
95460,465
95470,204
95480,140
95490,201
95500,170
95510,370
95520,1152
95530,1930
95540,2814
95550,281
95560,48
95570,414
95580,41
95590,78
95600,87
95610,54
95620,199
95630,783
95640,2
95650,89
95660,192
95670,54
95680,70
95690,234
95700,127
95710,123
95720,231
95730,295
95740,426
95750,185
95760,446
95770,62
95780,213
95790,300
95800,46
95810,112
95820,327
95830,305
95840,119
95850,269
95860,135
95870,41
95880,154
95890,462
95900,5
95910,480
95920,73
95930,37
95940,129
95950,413
95960,1332
95970,726
95980,366
95990,486
96000,750
96010,113
96020,142
96030,367
96040,371
96050,360
96060,69
96070,3
96080,125
96090,284
96100,821
96110,828
96120,349
96130,176
96140,342
96150,141
96160,974
96170,24
96180,147
96190,45
96200,766
96210,105
96220,151
96230,159
96240,485
96250,374
96260,191
96270,57
96280,178
96290,270
96300,25
96310,72
96320,847
96330,51
96340,45
96350,21
96360,472
96370,58
96380,211
96390,252
96400,63
96410,43
96420,532
96430,673
96440,127
96450,216
96460,218
96470,333
96480,104
96490,206
96500,119
96510,31
96520,270
96530,275
96540,291
96550,103
96560,106
96570,216
96580,453
96590,26
96600,16
96610,280
96620,4
96630,126
96640,206
96650,96
96660,322
96670,618
96680,253
96690,11
96700,137
96710,50
96720,294
96730,419
96740,24
96750,80
96760,1905
96770,390
96780,359
96790,17
96800,33
96810,363
96820,69
96830,11
96840,45
96850,222
96860,200
96870,64
96880,602
96890,7
96900,243
96910,139
96920,104
96930,215
96940,214
96950,95
96960,30
96970,33
96980,222
96990,153
97000,518
97010,5
97020,703
97030,464
97040,37
97050,177
97060,82
97070,351
97080,189
97090,126
97100,237
97110,208
97120,522
97130,1238
97140,188
97150,106
97160,54
97170,92
97180,543
97190,278
97200,19
97210,499
97220,29
97230,450
97240,134
97250,391
97260,34
97270,312
97280,456
97290,14
97300,68
97310,232
97320,309
97330,33
97340,147
97350,99
97360,283
97370,5
97380,131
97390,8
97400,483
97410,294
97420,58
97430,952
97440,129
97450,23
97460,596
97470,262
97480,675
97490,3
97500,66
97510,189
97520,111
97530,535
97540,653
97550,123
97560,171
97570,388
97580,180
97590,99
97600,112
97610,420
97620,302
97630,136
97640,170
97650,117
97660,146
97670,86
97680,850
97690,20
97700,119
97710,769
97720,30
97730,197
97740,348
97750,75
97760,473
97770,72
97780,223
97790,133
97800,62
97810,175
97820,208
97830,109
97840,85
97850,169
97860,19
97870,25
97880,562
97890,33
97900,70
97910,560
97920,430
97930,485
97940,53
97950,135
97960,16
97970,168
97980,597
97990,160
98000,100
98010,74
98020,684
98030,268
98040,182
98050,675
98060,278
98070,130
98080,502
98090,137
98100,167
98110,31
98120,367
98130,36
98140,130
98150,74
98160,42
98170,493
98180,161
98190,189
98200,215
98210,332
98220,231
98230,197
98240,178
98250,175
98260,203
98270,263
98280,112
98290,407
98300,233
98310,186
98320,44
98330,162
98340,301
98350,0
98360,89
98370,155
98380,17
98390,61
98400,239
98410,428
98420,624
98430,279
98440,13
98450,732
98460,29
98470,228
98480,118
98490,246
98500,181
98510,285
98520,767
98530,128
98540,190
98550,160
98560,163
98570,233
98580,127
98590,323
98600,180
98610,27
98620,450
98630,89
98640,470
98650,239
98660,174
98670,192
98680,176
98690,94
98700,320
98710,66
98720,74
98730,54
98740,228
98750,110
98760,493
98770,399
98780,37
98790,587
98800,175
98810,82
98820,199
98830,227
98840,93
98850,54
98860,155
98870,264
98880,133
98890,540
98900,157
98910,55
98920,362
98930,14
98940,157
98950,113
98960,131
98970,18
98980,174
98990,38
99000,425
99010,215
99020,606
99030,454
99040,35
99050,108
99060,355
99070,118
99080,156
99090,88
99100,21
99110,313
99120,92
99130,119
99140,351
99150,290
99160,132
99170,225
99180,856
99190,1176
99200,247
99210,1648
99220,583
99230,545
99240,384
99250,405
99260,113
99270,96
99280,404
99290,304
99300,833
99310,2
99320,66
99330,156
99340,103
99350,213
99360,28
99370,109
99380,417
99390,390
99400,112
99410,496
99420,17
99430,110
99440,80
99450,58
99460,110
99470,115
99480,5
99490,101
99500,386
99510,192
99520,383
99530,217
99540,237
99550,55
99560,106
99570,101
99580,155
99590,99
99600,143
99610,457
99620,83
99630,81
99640,18
99650,398
99660,80
99670,276
99680,309
99690,32
99700,107
99710,33
99720,331
99730,72
99740,154
99750,159
99760,214
99770,123
99780,264
99790,172
99800,172
99810,162
99820,276
99830,324
99840,123
99850,381
99860,242
99870,77
99880,208
99890,318
99900,58
99910,43
99920,69
99930,2
99940,167
99950,98
99960,553
99970,617
99980,139
99990,110
100000,279
