0
1
1
0
1
0
1
1
2
6
2
1
4
2
1
0
1
2
2
1
52
1
5
1
103
1
2
17
1
1
5
1
6
1
7
1
3
0
1
1
2
6
2
2
3
1
2
2
4
9
9
5
7
1
1
1
1
3
3
0
4
11
4
0
1
13
0
3
3
1
2
3
5
3
2
1
7
8
4
8
1
1
2
2
2
10
1
4
7
10
9
2
7
13
4
4
56
3
20
8
1
1
13
2
3
6
25
7
13
1
23
2
23
8
1
14
1
1
5
19
3
1
1
1
6
15
15
4
1
9
29
1
3
1
21
15
4
4
4
9
12
14
1
9
2
1
7
26
13
15
3
3
18
7
25
2
4
31
18
1
8
28
15
4
4
16
4
40
1
8
9
30
14
19
13
2
1
7
13
2
2
7
14
32
8
34
2
49
8
1
7
4
798
21
1
59
7
13
2
22
16
4
2
18
26
0
1
8
3
13
1
4
22
83
4
12
7
23
22
14
16
14
4
1
4
4
2
7
18
11
76
19
3
14
18
37
8
38
8
23
26
30
8
22
16
14
2
15
369
12
2
34
4
1
37
3
4
3
13
1
8
34
15
43
8
30
7
8
27
14
4
11
5
4
16
5
23
21
16
8
5
126
58
11
8
3
2
16
33
2
27
50
32
9
16
55
1
41
188
26
24
13
113
3
39
1
1
9
84
7
1
2
30
25
54
27
52
55
59
1
83
89
24
39
12
8
8
24
135
25
2
193
25
102
2
8
31
2
8
14
0
51
35
45
22
71
52
198
12
27
27
13
72
43
16
2
11
24
19
22
24
72
339
4
1
44
0
30
14
14
70
32
3
34
8
36
4
65
20
14
6
7
102
38
49
1471
32
443
2
35
44
61
12
7
37
2
13
6
46
20
3
44
8
20
13
1
18
7
31
1
39
74
8
83
30
19
2
14
13
50
14
15
16
40
43
192
57
31
20
615
4
28
1
21
50
13
27
3
47
8
6
16
59
8
16
18
14
479
20
228
37
3
6
14
35
2
1
16
2
9
102
27
3
55
51
15
12
10
9
4
26
6
14
28
4
50
32
2
45
27
45
9
24
100
3
16
28
39
15
114
1
13
3
20
33
513
15
15
2
11
26
15
4
14
23
35
75
94
780
7
76
29
43
26
18
15
15
24
88
50
12
115
26
23
56
2
15
15
44
28
31
41
69
4
20
7
154
1
78
2
15
0
8
40
33
64
25
4
8
12
112
47
27
33
15
1
185
41
80
18
0
26
530
22
19
46
16
10
160
43
31
73
1
72
401
14
15
28
114
35
87
55
59
78
2
3
35
61
7
18
13
154
22
82
3
56
13
2
77
45
26
94
8
1
97
46
21
32
38
93
30
6
33
423
2164
45
51
1042
31
4
1
64
256
26
49
156
89
87
2
14
52
15
9
215
70
36
65
7
1
30
24
68
83
4
75
53
87
1
1
102
77
24
21
65
32
92
50
1
113
145
225
105
31
43
4
8
13
28
44
15
15
13
33
22
29
8
56
322
46
88
9
226
39
120
416
10
100
13
8
37
43
389
63
10
23
113
1093
19
9
7
17
149
15
240
57
61
53
4
98
9
119
330
64
28
99
14
3
51
2
3
43
26
92
25
6
19
98
12
44
9
58
159
71
22
24
88
1
54
39
26
59
131
31
79
27
71
35
8
42
10
26
15
32
147
57
4
32
13
79
6
15
10
31
3
104
70
4
34
38
34
71
86
3
42
38
4
63
251
125
37
60
388
27
115
31
1
31
161
10
66
164
32
180
72
1
51
1
52
57
87
36
134
120
49
206
7
14
222
3
110
1319
108
45
1
18
6
4
124
12
10
14
195
56
449
8
116
45
62
25
52
28
38
57
198
7
9
111
58
35
46
116
52
38
50
187
28
7
50
73
26
38
34
6
30
3
81
15
136
5
122
70
29
11
31
73
104
22
23
37
37
389
62
90
70
6
35
13
4
89
107
44
43
46
8
6
30
8
193
6
113
13
7
57
44
35
1
25
45
103
13
33
43
107
45
7
83
37
21
29
19
49
10
58
12
60
152
95
137
37
10
237
42
103
259
141
12
5
41
40
1
84
350
255
4
100
50
7
83
69
7
135
7
37
3
29
38
5
47
47
151
121
74
70
416
28
540
31
80
24
72
44
14
9
38
12
31
274
7
55
43
215
65
231
15
184
95
61
247
98
20
114
6
7
71
14
21
95
147
22
2
89
54
40
14
8
30
22
15
38
82
95
4
134
57
34
65
55
180
795
24
1
79
80
95
2383
2
168
117
40
105
36
35
3
51
20
28
31
237
43
39
28
246
0
22
8
36
437
32
15
17
102
298
14
50
14
34
63
601
44
86
3
66
41
28
17
60
53
15
6
12
143
214
54
16
18
80
121
127
46
7
47
262
13
8
73
227
18
132
72
385
822
119
154
199
80
8
70
49
129
31
74
16
239
374
98
23
10
14
12
58
108
68
14
24
106
66
28
15
33
146
15
22
23
42
21
22
715
6
56
81
88
14
52
126
28
131
31
24
209
93
70
107
92
115
84
20
20
74
20
1
2
20
4
186
13
41
15
63
14
2
183
168
64
13
151
72
3
22
355
19
77
37
126
282
168
31
1432
3
271
8
178
215
93
264
63
13
213
142
192
79
73
20
174
76
46
9
279
30
38
21
14
94
275
127
20
35
83
45
18
13
391
130
179
48
136
32
9
97
38
27
51
5
58
644
146
119
74
29
92
83
27
109
131
166
98
2
30
407
19
15
41
190
281
144
122
914
60
38
13
4
47
62
791
1090
50
1750
33
54
56
223
47
100
55
84
142
45
79
134
122
59
160
106
392
102
30
47
16
13
153
16
511
36
183
85
311
196
223
12
69
21
252
29
224
54
132
598
234
182
167
67
38
28
17
327
76
128
33
9
85
116
218
149
20
116
54
834
52
44
59
2
17
8
42
93
45
14
48
35
38
70
40
132
32
58
109
26
27
24
153
20
29
15
64
53
48
286
38
27
93
23
40
9
123
34
73
51
216
14
133
34
27
66
1
155
135
196
5
7
27
56
30
259
165
206
103
27
1
55
36
69
139
192
66
76
789
230
5
144
64
184
81
60
386
465
30
192
118
92
397
62
16
481
78
106
788
92
147
3504
189
5
342
28
74
31
669
161
138
41
25
4
27
233
30
14
161
7
73
157
118
317
327
73
7937
85
73
158
44
481
50
28
198
12
67
133
28
24
73
17
71
87
8
215
169
36
35
33
44
31
16
39
137
20
224
260
54
19
92
55
85
12
534
71
29
69
26
150
175
23
13
47
117
186
317
69
230
615
355
82
964
104
47
104
726
68
45
1079
1445
150
132
47
83
29
53
271
52
118
6
155
176
93
248
50
103
29
25
35
118
39
71
99
294
2
22
4
10
99
144
114
28
502
43
105
1
33
4
35
218
34
286
4
55
1167
14
35
49
103
32
111
195
131
116
366
114
275
28
8
0
108
191
231
7
44
460
35
187
37
113
19
287
215
103
18
232
67
33
94
81
1057
468
77
139
58
11
66
68
222
80
150
111
26
31
262
37
81
357
148
295
54
5
27
131
136
30
53
357
56
57
339
494
8
65
219
9
351
9
15
21
160
165
177
8
8
241
246
1
86
57
185
109
117
16
227
31
52
9
210
103
14
47
2580
26
2
27
3
47
90
65
67
52
51
27
144
4
16
242
40
16
170
3
45
85
92
72
25
157
15
24
93
14
109
80
15
388
12
48
74
18
7
1018
8
33
129
0
51
21
1355
16
152
91
124
121
485
57
14
7
390
57
400
46
9
38
19
145
7
522
190
949
233
29
8
88
77
48
46
82
68
13
69
84
21
111
128
154
5
39
237
14
237
249
171
24
91
57
108
73
101
23
181
4
18
358
41
204
193
311
24
47
140
1
191
134
22
108
256
80
106
181
18
4
94
282
8
15
81
271
156
206
359
391
8
56
113
517
5
3
153
68
22
60
331
38
58
36
3
9
514
77
21
67
502
3
592
148
30
27
74
236
15
233
32
296
8
395
75
165
24
30
133
81
92
21
18
128
76
74
2
87
8
65
512
21
190
127
221
65
30
12
3
413
144
218
633
242
123
150
51
115
30
115
60
159
541
164
130
267
94
42
191
264
70
147
115
67
241
211
14
8
229
20
90
73
82
174
53
606
92
55
3
150
11
211
112
79
236
45
70
233
39
212
182
77
2
54
95
8
29
102
108
15
49
74
52
176
4
153
77
5
16
83
8
196
374
45
97
134
282
10
92
37
152
81
209
45
510
154
371
13
104
1520
125
15
476
106
63
25
142
22
23
374
134
220
1402
28
82
94
123
202
82
279
2
115
148
213
26
34
196
286
393
488
14
14
124
196
74
72
67
152
73
114
110
22
128
121
15
198
103
42
42
761
33
175
10
93
100
145
67
946
267
359
14
87
98
236
23
79
556
343
46
77
115
93
9
304
52
44
80
436
85
73
178
154
50
203
12
49
84
233
90
328
142
26
58
93
96
267
253
121
258
91
369
593
26
111
89
81
7
25
100
322
372
503
157
475
151
41
76
86
27
2
37
1834
98
36
52
76
76
3
354
214
103
365
48
539
10
55
28
22
36
68
46
39
120
105
32
47
453
311
243
81
70
73
219
68
1
297
146
3828
236
56
52
2041
100
45
321
69
7
225
386
70
183
291
398
60
136
218
141
212
49
105
364
168
327
25
13
1415
47
87
108
388
57
294
28
277
128
201
53
127
155
17
7359
987
33
31
38
604
144
8
191
363
68
39
365
91
802
48
439
43
187
138
63
258
54
90
306
91
37
15
61
34
68
298
208
132
246
0
269
62
2292
103
557
167
92
24
51
18
182
74
240
29
170
144
15
38
1320
29
200
134
552
720
56
79
93
0
198
261
21
35
255
18
108
18
9
112
16
1
164
167
478
26
43
251
219
39
76
27
54
43
129
7
86
30
28
8
47
8
64
375
172
75
581
59
62
123
3676
114
106
949
137
0
392
115
20
675
8
29
458
404
936
150
8
359
47
33
215
265
4
322
207
16
3
227
39
429
260
165
184
664
235
173
51
98
4
19
773
45
49
209
204
14
160
25
58
479
283
487
56
1375
111
68
197
44
23
14
218
194
306
103
2871
156
38
191
573
127
1120
14
76
17
29
922
100
66
86
96
183
318
13
77
42
358
169
506
120
119
120
102
484
429
89
37
369
103
86
56
1
251
1
108
3075
33
297
8
274
223
285
207
115
519
8
88
8
436
105
48
64
247
48
18
24
105
24
161
108
1
100
68
239
427
154
34
7
162
48
86
523
149
43
12
172
44
26
219
128
562
21
58
120
365
13
26
258
178
153
37
15
423
217
141
6008
27
92
38
58
155
221
21
345
49
169
47
23
45
86
234
609
55
77
23
160
2
123
332
62
61
8
133
46
101
249
27
220
8
912
226
106
1089
9
1
163
21
19
63
94
156
100
141
114
178
216
131
10
25
134
72
162
271
307
120
8900
128
109
28
3
333
183
72
113
234
58
14
125
36
95
8
46
68
36
90
389
185
186
329
87
182
371
186
59
62
661
227
85
6
38
62
231
79
58
13
324
117
285
108
209
97
324
536
42
27
46
238
141
59
96
28
14
6
543
7
32
851
230
288
171
71
215
95
20
14
30
44
27
214
80
211
17
280
244
32
55
7
23
46
195
139
215
91
60
110
190
63
81
28
112
131
215
27
268
273
119
25
107
8
237
270
74
52
54
414
95
863
237
64
323
27
53
413
349
9549
86
70
45
559
30
388
61
103
72
45
187
115
61
263
2694
295
724
317
386
24
3
45
407
26
10059
53
86
83
59
7
14
270
49
315
180
234
387
280
169
80
185
142
61
292
159
74
92
268
74
75
6
8
131
272
188
63
141
594
221
85
616
14
29
145
1479
735
181
174
64
240
403
26
196
58
58
15
60
113
297
15
127
586
45
15
307
131
16
332
77
188
61
118
44
74
97
534
103
220
327
10212
298
199
58
8
24
52
241
1022
9
93
92
415
189
651
107
2010
56
104
1056
310
646
346
180
135
71
1039
495
124
88
254
252
271
46
5
39
172
211
14
86
220
13
177
80
87
245
710
6
87
48
547
23
95
39
147
69
257
210
15
54
7
638
101
62
258
107
289
281
92
172
382
297
235
251
143
15
316
190
50
54
277
361
313
53
14
4138
141
135
31
31
9
234
241
660
125
119
53
113
254
160
2
250
37
105
8
481
60
14
841
762
81
168
102
268
32
202
18
642
97
33
129
269
52
20
235
707
533
448
88
4225
8
79
48
400
32
457
150
144
602
45
89
114
82
208
90
2
195
36
101
229
8
45
287
106
32
36
371
124
46
1626
103
58
81
316
176
335
201
54
331
277
42
57
102
125
21
8
384
25
77
443
550
204
134
61
564
740
536
83
69
236
31
120
633
130
125
33
220
112
3
26
220
14
32
12
138
196
235
58
0
32
5519
1
84
183
2789
83
24
68
150
235
65
62
13
561
3
57
20
599
84
123
58
126
75
510
528
185
408
52
131
131
1464
290
16
902
88
449
109
249
107
144
88
31
4
7
195
546
20
24
84
628
26
88
475
37
109
286
57
12
489
490
8316
324
316
36
2973
582
244
38
264
482
37
15
3
51
621
170
303
52
286
172
219
137
1232
449
548
75
137
153
306
413
26
161
207
1145
154
231
94
462
744
81
103
63
77
27
28
259
188
26
512
4
77
4
361
1020
156
1253
70
34
229
257
468
139
1616
28
3
369
109
1163
197
5
42
57
20
186
93
320
503
327
109
5
331
172
103
33
3049
40
175
250
6
123
1132
119
71
170
15
185
218
37
9298
21
45
28
503
97
25
101
217
1548
1012
246
1
41
34
132
509
10
1348
14
312
475
268
412
217
78
88
233
83
281
101
111
434
10
61
6
296
357
327
608
258
557
61
176
209
46
357
68
134
1
154
74
21
343
39
292
156
107
73
89
129
15
13
285
66
74
322
76
1194
684
242
90
267
143
42
93
190
210
287
107
3
156
1285
3
21
327
59
417
81
53
79
36
23
307
627
89
354
149
48
532
345
28
50
540
269
1
2364
436
143
515
246
193
136
28
55
91
15
95
438
415
386
26
455
10193
382
185
148
1461
186
73
555
227
75
77
190
219
734
134
1710
129
8
536
182
134
244
69
22
20
37
101
346
163
256
37
150
160
88
844
145
87
119
159
174
438
84
8
630
356
56
155
8
80
86
70
360
247
31
86
233
336
89
171
810
153
95
379
203
617
271
274
150
14
22
157
553
192
52
228
1196
62
1460
63
325
3
54
1085
7
1016
79
137
23
375
2209
389
112
128
207
142
3
317
994
1472
141
166
77
86
91
2011
311
6
425
33
605
53
8
55
354
78
33
685
109
265
391
15
230
920
817
273
0
15
78
374
1085
220
100
1093
201
304
213
15
338
130
886
33
727
128
79
64
272
8
32
3869
675
168
244
16
23
126
151
236
494
10
226
408
3
528
191
201
3
1165
7952
142
221
211
382
77
313
1525
78
72
223
353
56
744
265
93
345
1179
372
1510
335
259
116
279
58
195
336
218
159
44
42
15
459
1
221
136
21
124
162
70
8
4
171
140
173
396
727
1124
47
188
256
158
157
66
46
9
119
494
2
104
196
61
121
1130
384
51
359
537
468
477
544
124
473
385
115
5222
44
289
152
245
24
154
145
951
115
949
152
16
133
17
37
70
145
575
511
23
167
491
12641
67
18
49
66
86
112
191
322
2391
45
73
185
62
8
16
143
1241
67
64
292
189
84
60
40
201
517
427
5097
50
434
11
517
258
9
83
3
135
157
14
208
66
53
149
959
109
232
181
13274
260
96
488
262
808
422
70
3209
79
163
14
120
47
155
41
52
59
556
474
17
374
642
308
204
165
2024
65
87
73
28
147
321
1362
514
211
298
669
20
31
136
122
47
215
144
263
637
54
2079
441
834
288
200
638
73
63
47
31
114
6
106
95
33
8
909
55
226
64
1295
179
125
250
101
444
125
525
294
2677
247
9
203
848
14
48
122
94
161
24
333
515
1377
62
13
138
95
85
154
36
94
272
22
9
39
77
199
3427
1032
33
41
322
337
168
13
115
17
167
163
15
909
30
1033
171
45
62
375
41
45
87
653
204
64
59
8
156
228
174
440
189
14
415
1493
1505
189
106
256
58
31
255
746
104
83
94
1255
101
69
513
822
19
114
1170
237
153
1501
592
390
33
135
53
167
673
76
206
340
222
290
59
92
271
119
227
15
84
96
89
304
127
133
377
71
122
686
121
124
80
29
209
47
159
117
190
153
1011
152
658
2633
141
58
861
15918
279
2
1153
238
107
380
196
527
292
291
69
238
84
273
506
3378
125
294
35
379
159
285
284
157
1259
697
240
72
1572
158
155
121
407
132
387
186
71
262
65
166
33
9
52
110
76
16
110
21
150
166
173
33
38
65
101
207
422
8824
750
1538
133
3263
227
838
479
134
298
26
142
63
208
31
124
626
470
112
213
201
142
134
149
171
132
99
110
148
80
546
317
233
508
14
218
340
125
145
1030
52
310
118
21
334
151
115
501
92
9
73
413
83
51
92
34
445
20
135
201
16
89
3
256
50
469
133
374
222
2844
118
21
86
31
76
878
212
123
273
217
83
13
250
109
345
33
3
81
154
72
174
344
501
23
147
123
131
344
137
46
4401
709
382
67
78
135
248
260
138
447
209
178
9
274
271
269
16
172
472
67
221
44
930
419
440
60
7
285
22
59
235
84
65
386
1401
10915
50
2224
590
89
33
98
64
975
191
77
126
98
1940
65
287
96
1135
14
117
192
1782
1132
73
90
145
811
437
102
3937
90
21
268
378
571
843
278
2803
43
2192
55
69
2
30
13
310
73
475
107
92
53
822
93
70
283
794
1420
371
26
435
36
533
808
77
152
191
393
13
444
23
4
494
182
6
198
117
38
881
369
73
36
7219
84
27
57
455
120
140
122
24
17
382
123
134
1813
262
217
5
29
479
676
185
213
103
361
1604
42
131
6
122
226
1256
23
67
616
245
116
45
304
721
466
165
296
337
168
1415
315
423
382
1042
330
101
132
619
14753
39
2544
248
486
83
26
129
611
144
855
402
31
112
134
403
125
136
1117
278
47
80
1039
444
83
11
1512
264
99
449
81
430
979
23
142
99
106
512
179
72
16
579
1118
61
202
7
233
27
447
40
85
582
625
16
284
79
120
247
214
410
119
258
162
65
284
423
389
53
107
146
14
302
36
25
84
603
2
451
30
312
286
1669
136
381
335
90
305
109
1184
705
1102
180
98
122
87
267
1026
73
30
33
257
219
60
39
253
316
818
80
272
318
56
162
259
97
333
452
272
413
383
55
148
948
24
140
21
119
23
375
308
134
222
978
358
286
278
65
1740
59
46
164
285
2137
102
9
283
954
217
321
323
435
105
214
237
231
63
60
165
265
615
23
336
239
14
318
296
316
157
137
199
113
29
181
7
441
335
15673
35
426
93
123
16
182
174
46
228
523
22
513
1481
113
304
433
453
59
45
631
209
410
1273
211
90
505
51
279
287
151
110
231
25
325
226
289
162
3021
40
412
229
87
295
191
1224
272
41
22
198
420
162
344
914
166
139
105
392
515
69
56
111
51
1339
391
295
247
292
138
451
686
40
158
29
465
74
1365
224
128
88
147
648
545
541
25
355
382
112
179
412
80
476
130
72
597
248
142
100
88
56
74
15381
3815
818
20
261
330
169
131
31
3063
244
263
99
501
389
656
278
247
234
1346
406
80
167
102
153
7
300
115
173
17
454
81
51
44
224
24
310
149
103
685
181
409
205
268
48
123
329
355
208
242
203
78
139
410
1351
74
55
1724
489
378
579
19
428
936
163
44
167
353
627
650
185
198
908
314
419
8
85
58
444
10
483
342
562
312
911
22
209
23
97
1108
55
410
581
353
4359
346
457
46
588
68
207
228
107
402
31
172
569
8042
693
336
189
274
218
789
1394
151
499
47
86
3293
190
62
208
16194
73
61
321
732
47
59
353
38
18
189
475
88
107
206
93
1352
197
15
569
390
1
107
205
673
89
754
74
479
231
185
434
296
8
566
192
4339
46
521
83
164
118
67
536
8
11
132
45
9
537
107
403
297
814
203
165
259
505
28
35
66
1988
849
51
312
114
110
20
15
932
251
30
94
407
1239
105
22
500
229
1222
223
151
2630
5482
387
10
549
682
430
14
440
129
67
143
260
37
39
59
1042
121
139
52
280
440
2309
200
2
849
14
754
62
233
493
94
48
1316
4
406
79
429
205
103
13
823
513
6202
330
0
155
68
220
160
77
106
194
1930
166
134
14
265
101
52
32
14
28
56
188
28
88
490
292
91
123
1167
236
1586
7
107
546
496
74
93
2480
505
29
255
225
475
52
108
46
77
218
955
22
127
357
147
82
1042
127
456
339
687
49
883
112
304
45
201
346
661
285
336
179
249
102
130
173
303
40
114
263
459
695
186
1451
111
165
8
37
82
5174
186
723
16887
71
266
300
142
1248
205
411
648
43
109
61
181
170
129
306
117
271
767
7765
135
30
332
86
80
189
208
179
253
13
388
68
875
67
1551
324
95
133
670
73
148
33
47
45
22
28
151
287
105
109
35
102
38
823
1490
101
1510
267
104
98
229
243
1599
618
318
123
95
14
272
96
139
205
392
139
909
1131
644
314
131
106
572
472
4168
1068
395
351
1831
138
157
118
141
25
141
520
628
611
260
120
17
12
8
31
188
107
138
418
702
101
483
79
51
75
1402
125
204
2809
551
679
95
140
365
8
1079
1954
772
554
657
422
404
51
197
42
314
206
335
932
384
854
320
79
811
3
518
312
45
377
384
141
41
781
205
85
127
63
264
202
113
271
126
51
58
13
807
220
1450
519
56
87
56
449
361
476
13
329
363
961
138
641
400
166
975
169
83
16
33
34
818
899
221
146
380
35
1344
462
27
105
24
14
65
504
338
31
363
149
557
400
77
35
530
687
9554
141
29
288
10584
136
32
69
107
745
212
70
365
969
7966
602
97
3394
1422
300
12
147
361
20
347
75
967
592
1585
114
380
284
234
4
28
187
47
175
972
481
309
85
117
12
490
597
65
114
10
300
1009
164
78
397
115
63
134
921
111
119
355
176
1464
394
814
257
152
41
175
106
487
217
247
395
897
636
524
203
96
1254
74
1105
923
191
61
16252
252
73
90
221
143
122
146
23
99
1422
9
101
43
125
45
61
317
740
714
142
40
241
263
188
101
140
334
1108
133
104
1158
641
35
256
320
612
489
124
1520
182
70
263
211
2388
183
612
107
414
134
125
169
258
28
253
1482
534
98
321
269
592
249
279
368
111
110
968
272
357
183
232
598
596
1393
21
1
226
274
47
181
1696
305
125
5
172
759
476
121
3505
962
695
771
7733
0
58
544
160
168
263
599
1125
394
188
770
101
36
251
458
837
144
81
163
39
35
519
171
213
157
653
279
322
92
65
1352
476
258
173
407
50
10
124
294
1136
212
7
65
391
130
603
772
172
38
352
33
1348
28
86
202
153
411
193
1409
32
123
1
537
1904
206
92
378
137
170
524
228
586
269
14
723
8085
1132
482
8
236
2924
353
41
41
249
100
77
268
523
39
466
111
295
112
48
258
234
15
624
2107
169
147
196
153
163
468
204
228
1111
430
445
411
187
1007
298
1231
690
569
219
676
1041
709
87
2
389
218
661
363
114
279
1108
118
1281
2973
21
248
38
47
141
1202
123
778
253
898
966
491
292
9
127
807
840
272
1
128
56
4723
9318
30
62
1148
9
1285
314
2488
600
530
346
188
1018
547
1951
116
223
747
44
748
443
83
162
325
382
6
23641
47
540
25
637
235
352
22
298
28
48
149
113
176
195
567
65
5
72
1677
278
305
751
235
781
110
58
49
14
183
122
79
289
404
859
75
93
27
19558
6
188
265
1495
936
190
3
246
251
377
837
9
361
451
7
52
1836
72
1615
186
425
276
77
222
477
59
181
270
3
65
897
68
89
73
29
549
276
136
785
24
369
685
216
639
133
426
191
38
51
215
209
84
295
135
145
2
259
176
159
402
4
620
448
635
239
98
237
152
406
94
156
38
1348
346
347
20
29
257
27
2424
308
9
365
258
222
1
381
735
55
12
45
1217
174
662
576
615
577
486
70
2441
226
659
361
351
237
141
373
76
125
1331
312
3391
100
213
391
1760
331
92
248
36
74
76
246
40
31
33
540
581
158
849
37
2248
805
109
312
358
1251
346
1065
620
33
466
1016
366
664
193
108
561
153
184
600
58
267
1171
32
15
178
412
61
1803
65
32
103
543
371
109
149
661
239
980
143
281
124
1854
139
51
75
807
34
166
332
364
517
513
3
0
52
204
1179
282
294
303
85
330
388
592
1215
48
155
309
224
1098
122
411
424
77
37
87
79
59
124
3435
631
200
138
503
8
1080
940
325
312
97
364
276
455
656
34
569
278
116
30
351
140
164
371
45
902
1277
695
161
52
287
90
19
1248
913
430
379
419
547
498
252
117
83
530
485
1358
771
89
1851
1005
643
28
86
527
582
1165
30
772
14
166
105
200
728
192
832
252
1192
131
875
59
361
1737
162
435
230
74
1263
137
376
69
27
346
173
237
49
142
93
153
450
224
9046
1288
26
577
230
131
353
1055
339
572
503
115
121
419
337
77
19
442
146
251
177
287
264
5
372
1034
282
312
180
194
4
2889
38
1360
65
57
702
41
8
40
10728
293
119
151
68
99
2
31
45
315
44
2052
198
931
52
1284
1112
36
705
263
641
107
1
556
26
735
230
391
252
820
332
902
188
652
121
962
142
584
1517
173
71
54
987
486
81
299
318
736
99
1928
58
156
88
558
131
260
828
131
334
260
237
1374
5872
139
1587
837
130
152
70
163
350
135
860
97
64
706
453
3951
307
545
1859
549
93
347
68
337
894
67
81
762
222
130
58
114
127
368
201
308
63
1847
693
129
372
445
590
49
632
94
95
81
526
92
256
391
315
14
188
106
5511
1506
951
501
14
413
22
74
350
92
53
3
384
87
64
285
486
26
85
16
392
152
76
15
544
365
238
78
228
251
113
794
89
363
315
342
572
4
867
489
2695
3
284
213
392
312
479
493
329
232
542
194
52
76
1229
606
240
269
53
187
121
1022
49
709
258
184
301
238
146
68
161
502
163
44
11619
205
346
964
1
2339
242
1024
376
140
115
245
491
4487
242
278
703
30
168
1391
425
314
315
14
819
257
89
393
18
612
325
70
386
281
425
155
63
174
107
66
110
182
500
159
524
816
12
94
18
35
2615
827
93
34
318
422
139
488
126
6144
561
1570
414
341
1459
283
394
582
659
38
65
128
46
85
242
161
37
792
2
44
242
3948
336
77
220
1
215
876
454
39
638
377
684
190
76
139
257
1269
537
254
398
851
50
85
539
212
23
433
337
341
3
446
191
121
1156
401
226
19
447
95
890
632
225
930
1493
348
520
117
154
73
644
277
1580
1
6727
140
142
518
119
212
744
487
409
5280
127
3
571
7
1420
44
406
820
562
401
397
220
3575
458
2698
2320
4186
4
317
134
463
453
574
88
16
387
1029
127
238
52
138
312
691
152
874
252
1760
401
237
333
230
378
1133
197
14
276
38
340
227
248
1075
476
1876
218
1691
107
354
1611
340
110
68
323
252
166
451
1097
576
119
452
240
634
21356
301
463
33
193
333
144
272
672
523
11
1929
37
1624
112
1194
479
124
297
98
42
347
9517
181
829
41
150
168
696
119
170
594
215
2268
94
243
417
649
184
7
257
225
419
730
25
596
244
114
184
1305
224
252
48
493
83
107
210
134
1264
409
552
119
754
656
84
1211
79
1644
35
36
522
223
200
125
684
601
392
247
203
1291
1165
1069
1671
97
155
921
241
679
144
384
181
313
24
559
637
29
1042
669
14
473
288
250
734
205
487
95
503
728
139
686
471
495
116
275
119
958
80
831
141
269
1351
913
814
264
427
176
837
77
686
172
436
222
565
6788
146
389
285
804
2795
13
305
235
514
662
1051
539
66
2315
100
2211
594
602
269
770
44
894
117
65
813
10738
330
68
52
740
1086
64
5138
201
386
291
260
106
545
475
557
571
804
250
169
6273
1751
297
628
258
1428
214
92
454
779
942
130
220
250
162
749
284
325
536
32
544
1
535
436
133
875
676
614
386
101
258
151
74
106
56
262
449
13
1253
409
188
814
429
270
142
913
314
9
277
287
557
620
7
364
345
267
256
81
583
1781
658
9
25
327
448
18
61
2399
811
280
1901
77
548
807
529
150
480
479
509
201
288
787
187
1058
664
170
299
129
281
94
44
574
281
1468
321
38
168
119
111
347
733
101
229
126
494
64
6
557
770
154
474
126
267
58
14860
853
1969
112
635
109
286
372
28
436
1
136
4845
660
1010
74
66
444
92
686
32
1259
319
61
97
408
3
449
284
1993
103
226
67
2931
81
1373
251
2418
108
186
518
457
906
3066
1697
381
460
144
15716
385
957
21
572
44
64
1434
733
189
5
229
658
25
139
310
307
159
3781
269
442
1857
104
69
619
47
972
45
443
62
4132
99
59
252
30
379
73
1462
724
9
87
240
621
499
115
1131
816
1421
1184
433
219
198
456
24
990
71
479
430
1186
501
45
383
15
151
1252
73
474
9
306
1165
60
991
271
1924
150
466
375
79
1512
160
238
16
93
457
346
272
196
487
19
112
275
30
89
185
94
59
82
236
911
51
130
18124
304
1002
86
377
75
551
50
59
288
102
66
186
91
1063
166
31
14
350
472
99
656
397
39
419
802
333
297
938
49
2150
1155
50
228
1063
679
383
448
406
181
224
648
388
130
832
579
191
430
527
172
546
137
129
545
65
6
377
323
2451
23
839
6
20
121
340
61
133
162
2865
800
838
0
825
479
928
90
32
342
105
121
17689
72
231
719
488
161
869
89
283
1455
252
140
97
1027
19
221
1044
7368
79
519
168
649
3
258
222
870
400
366
937
83
48
38
415
125
1434
11
753
134
978
963
15595
1950
441
397
221
23022
3522
404
133
5932
1032
203
235
3091
8
774
468
124
227
1357
264
407
279
155
158
152
304
31
84
2132
8
15
4430
272
374
2796
406
620
1009
77
1292
220
126
538
358
759
260
221
176
1738
104
172
112
134
713
111
196
4493
418
202
163
3671
183
768
200
320
14
11
144
212
377
741
1221
58
98
988
92
150
467
220
274
178
1
267
882
42
446
763
691
515
456
282
55
472
151
362
954
309
359
313
107
85
45
192
1595
103
234
49
12
1116
338
57
158
213
167
52
6
139
310
493
863
1043
19
1825
721
46
22
4722
1318
373
600
305
83
6563
59
454
208
75
1714
180
312
183
300
114
15436
153
24201
25
218
266
15
51
59
3865
416
279
323
788
324
139
397
946
361
25
501
1583
1275
730
666
296
625
629
1
14
1737
824
444
90
394
102
722
375
768
282
5559
139
408
123
55
202
483
425
25398
417
274
361
276
1272
15
255
265
211
2002
1215
20
99
85
1284
877
181
522
657
2741
865
858
889
252
16
240
82
8
315
510
393
1654
1341
5541
279
67
233
117
1580
335
1287
111
302
402
102
1701
1559
483
1176
1537
55
146
44
813
100
574
1111
152
366
665
1887
21587
1114
42
582
7
975
50
505
417
1401
279
157
44
1
224
1470
1935
678
216
57
3343
305
686
429
359
5500
272
28
273
147
334
2030
547
800
102
242
284
217
411
626
29
171
16
895
2
422
6
228
166
239
21
900
378
114
13
100
178
522
1
114
25325
679
233
353
39
592
130
417
119
432
990
272
165
206
908
848
334
1718
106
1695
2869
20
556
1666
49
750
403
436
435
215
4178
13569
574
646
175
126
158
715
122
583
909
798
1290
214
30
34
3242
19
719
1049
70
272
263
2120
955
78
341
28
733
37
209
1751
366
739
471
691
91
442
573
336
66
519
311
81
44
732
323
92
233
43
19
1282
1166
53
613
343
530
155
356
735
324
1546
76
220
189
1165
288
576
1
2105
79
10549
43
587
5358
149
2002
610
204
458
150
251
1097
307
306
154
42
107
1365
1313
255
663
173
71
11391
5721
44
4907
180
442
1064
9
42
160
301
437
497
4
43
754
1232
2139
544
2748
160
923
524
350
15
115
167
162
357
88
422
148
1538
315
1930
211
27
403
70
153
291
27
6484
385
343
394
2871
1288
5835
64
728
158
474
179
133
470
958
267
332
469
948
8025
724
967
206
644
188
59
667
859
121
245
649
401
1438
47
175
701
63
30
828
280
1562
329
123
87
688
403
361
1303
17
485
14
748
547
10
34
149
94
7747
756
429
327
469
2460
181
265
208
46
84
549
745
289
962
624
22047
352
1840
218
204
532
1668
997
1235
138
13
807
401
8686
91
172
579
509
1942
307
48
84
50
851
136
61
175
118
52
881
2667
23
11823
480
184
190
582
1315
29
838
430
978
2961
79
220
22
257
360
172
688
2824
6643
274
155
483
1209
1267
117
50
58
568
2295
204
172
599
667
282
2070
358
4
353
187
441
1121
1494
262
572
485
589
277
1008
505
211
96
518
504
365
614
90
1151
459
154
38
392
292
207
36
1537
157
1381
62
24
738
179
77
167
518
227
53
450
312
283
300
338
1793
268
33
21
847
433
593
138
217
245
2052
2542
282
571
255
87
1023
210
272
5208
658
108
62
233
401
753
2102
477
579
549
23
279
27
15
302
3707
307
1252
608
127
108
1748
502
36
416
102
127
32
5736
327
689
220
263
77
1677
50
178
59
8
72
335
351
108
132
345
128
53
329
129
1011
219
125
307
1380
1350
8
2985
2333
1163
269
579
139
152
456
1693
56
244
275
1275
66
139
1480
1055
865
51
285
645
202
398
990
476
690
125
20
772
521
73
3364
5474
32
52
903
246
16016
1260
433
95
1137
585
16
1805
4605
1050
527
69
716
147
683
4937
416
203
811
94
594
463
316
232
511
681
514
126
886
590
227
328
269
1057
810
877
123
1735
301
1129
248
168
123
182
962
157
262
786
473
39
770
364
386
132
1194
56
116
2419
102
497
177
39
139
494
1823
26
484
612
375
1131
194
1652
90
599
519
348
44
611
321
2736
1343
2099
126
822
791
125
375
198
895
828
396
66
20
497
161
710
221
119
186
588
1981
18
27
5307
199
375
134
192
156
390
774
23
140
434
124
93
296
61
1122
18
433
297
29
1576
260
83
885
1557
127
151
161
710
51
26
256
899
628
210
106
165
1391
2219
759
37
922
15
1385
1654
1074
1763
1489
1450
512
130
1106
703
214
923
4561
112
82
225
219
743
612
724
433
2580
1512
539
604
202
772
25
347
2227
122
96
871
775
330
10779
643
2392
159
145
1355
59
707
19659
472
287
311
499
346
54
218
2143
889
982
60
91
1015
565
337
583
175
393
967
602
387
82
18412
385
225
91
1716
817
131
1642
132
1176
2844
539
48
381
1082
408
2010
127
75
168
1418
22
197
1063
6826
374
940
1009
368
117
189
218
431
2063
593
258
115
665
105
917
382
790
424
1310
952
6
172
597
3040
416
53
1
175
963
777
287
692
750
808
524
25
521
417
301
382
895
386
96
84
212
261
36
655
263
176
397
414
36
1
583
3201
500
27
2847
746
306
361
117
225
865
166
174
214
161
377
298
524
452
519
3073
122
107
135
291
119
996
187
190
350
1018
333
536
448
703
729
73
1312
385
2081
675
2215
292
101
483
214
28
22
195
4010
84
259
53
171
744
210
1
190
292
412
214
1004
1
404
683
276
526
276
206
28
761
576
930
146
84
2
356
191
36
369
402
270
1119
2123
718
493
285
400
415
538
148
670
1441
13
64
281
453
115
686
378
993
531
377
77
1738
67
509
321
567
2410
1444
2888
231
102
183
753
1570
68
158
287
356
165
60
81
909
1125
55
1406
379
219
355
271
378
213
368
318
163
124
1409
638
451
159
251
971
204
132
94
1618
178
1376
293
41
145
158
376
685
121
942
29
368
2271
378
51
738
35
346
27609
916
731
1130
2297
494
560
123
128
225
827
278
573
431
2322
88
1382
696
1349
1218
272
85
1050
188
312
637
76
4452
423
744
488
102
48
31
2272
301
21
57
271
832
780
249
44
150
751
30
663
1030
30
587
8257
1695
19805
251
1450
830
15
1672
5056
240
548
1401
42
903
117
426
1307
181
246
4
154
898
153
1366
329
685
667
1019
476
473
447
279
456
1056
682
1050
735
7893
3241
4493
620
2470
402
1650
710
318
1275
2035
147
502
1337
750
393
44
24
346
1284
257
12
608
339
1777
488
371
95
1228
1883
1020
586
171
344
19
975
88
1131
132
341
112
428
208
338
558
2715
1440
365
784
46
788
1079
1276
371
442
358
448
1780
972
292
1133
1865
106
162
75
395
100
998
863
298
163
178
252
746
492
1978
649
233
2156
22
567
332
818
4442
232
634
568
704
20
781
265
508
170
35
849
169
420
54
288
1474
68
102
2696
384
562
224
178
3058
96
912
1306
1602
867
475
78
609
1158
390
1115
361
172
866
220
1
70
795
365
49
386
70
15
595
659
146
29
639
1270
126
1505
66
2069
205
412
6194
846
131
1169
405
947
310
5
1179
41
735
1411
3550
111
5916
1021
75
1781
140
70
298
1491
816
183
135
778
1239
514
2259
269
235
284
1352
549
66
49
350
648
5137
536
248
480
1228
1976
208
339
338
556
187
242
69
6
340
366
365
5269
250
992
77
344
2968
1947
267
365
141
360
213
853
1142
349
152
802
519
29337
62
111
244
80
102
880
97
84
556
541
215
170
137
918
313
146
142
470
801
701
559
18
422
77
225
469
240
349
53
358
197
599
531
16
297
4248
763
705
398
129
236
490
81
385
25
671
1896
258
1405
610
438
26
119
454
277
265
11
193
159
118
166
2005
696
1311
216
44
594
376
369
1097
55
221
8
927
2261
686
55
2445
126
337
502
376
59
1344
1347
136
3628
933
84
2697
213
230
132
240
855
560
580
1147
196
4836
788
1752
2543
532
1386
36
533
85
98
8567
196
152
96
1201
44
250
245
989
1807
860
469
14
2200
87
879
382
56
209
554
1
104
181
304
282
222
260
74
771
2281
274
38
249
123
138
551
156
76
791
7
248
420
8
372
742
276
389
297
4658
653
35
152
40
249
1052
775
46
1682
991
518
1635
1331
2220
47
755
1674
554
7323
45
1303
50
117
406
763
76
964
321
2576
186
247
2193
183
638
277
139
233
1088
94
1755
50
952
169
4773
104
616
782
142
1121
857
129
519
20
141
779
52
60
767
440
360
151
348
514
238
548
143
1025
893
125
405
337
32898
297
384
77
295
57
14
3452
995
245
52
292
237
438
151
8
351
408
18
559
65
480
636
58
145
173
648
3287
63
2387
406
419
20
15
739
262
214
226
163
823
369
181
412
987
34
427
441
3274
357
1655
517
9
445
253
431
464
625
134
559
803
1396
516
24
326
115
1531
148
7
733
68
1017
449
2196
25
92
254
892
1363
315
1984
860
239
1409
19140
432
302
173
2912
10
362
323
1483
323
380
352
234
974
1229
457
584
161
2124
555
1688
171
209
260
557
63
556
275
115
234
227
249
470
164
437
790
198
433
36
504
263
107
72
133
784
142
344
300
1335
598
23
522
243
479
639
293
9826
950
114
41
6
71
121
66
173
93
265
335
894
221
883
23
341
21
1895
96
55
467
93
576
636
144
325
1225
1588
754
97
96
25
686
267
1547
123
1452
272
204
19
37
328
3239
1868
628
1082
77
1893
322
652
54
359
928
88
442
1532
13
458
98
96
481
197
163
726
1777
188
1570
1435
38
866
283
83
130
106
238
299
3754
48
32
2039
477
682
375
20756
885
58
61
8175
170
1458
1087
1940
365
307
279
2199
684
616
79
887
20
416
90
200
867
370
1440
1209
3140
340
508
899
148
14
2675
306
7
445
715
4002
96
81
9092
199
79
115
346
2596
2213
68
278
1795
3
965
401
477
513
2461
5630
2017
1433
26
396
447
528
20
321
96
747
503
353
31
4685
30853
601
462
265
263
705
524
97
1873
1566
1
301
629
1179
574
406
167
665
241
2848
149
86
194
161
965
2
478
375
1106
123
602
13724
536
360
350
681
8033
28
1370
171
1019
1929
655
69
246
7996
547
435
40
163
482
362
561
332
1613
2
128
416
1084
54
159
1633
1432
102
1001
831
3159
440
1262
10057
135
36
123
243
519
338
1722
321
233
909
20527
399
86
2264
1990
177
3060
214
537
3860
1372
1029
193
248
76
700
948
454
2013
160
172
189
592
74
229
1746
159
843
367
722
129
319
935
228
87
1107
263
297
543
51
121
356
943
439
132
902
353
244
760
869
1551
24
609
294
3641
517
1084
164
119
45
872
66
789
312
1878
14
451
21
182
356
33
689
89
4493
450
443
648
888
211
313
405
2467
8
738
690
281
232
661
11320
332
32
526
32
91
384
1370
1983
88
148
79
181
1193
23
3161
2171
293
2496
13
434
738
166
1440
230
155
568
2155
229
620
272
374
2088
1034
1661
450
425
2026
558
845
556
245
791
633
24
2390
344
250
624
57
80
553
403
1268
27
97
241
534
826
596
1416
829
8917
2614
742
1161
493
166
82
1247
649
635
190
538
1612
63
53
483
1563
60
517
2494
293
892
22
223
5374
815
93
244
247
322
353
908
1122
56
222
80
25
1773
19
1471
847
375
481
420
414
493
212
227
731
748
595
803
122
405
1201
841
30
52
8964
36
13
112
1248
368
132
52
386
335
1789
151
114
558
475
229
538
875
1536
219
195
490
201
496
466
1179
954
1151
68
10
227
1457
748
37
80
393
1261
613
192
9
3400
89
798
523
2332
777
593
377
1006
393
512
434
450
295
4
33062
465
773
2499
979
475
14
162
32
961
370
382
1087
379
2391
1875
8
695
1830
228
1287
2064
1054
1070
24
518
243
337
158
192
1613
1455
298
1317
474
3410
506
2450
1620
312
746
120
148
400
3109
30
128
876
2304
426
60
258
313
487
499
146
591
110
396
24
726
1446
527
120
576
121
474
559
5408
1
326
289
85
7926
579
585
47
396
57
4
1944
96
218
469
622
245
35029
1589
564
247
1372
608
264
44
113
21
109
0
10949
1568
264
78
9796
284
2627
1258
299
35
153
4314
616
1028
494
8
257
422
367
895
204
654
2802
417
1451
107
42
282
435
1283
193
143
1701
1985
96
579
871
674
384
342
354
601
927
218
425
1055
753
2554
153
2937
748
950
1626
1947
6918
360
318
29776
68
234
578
74
263
180
24
54706
289
273
89
138
1438
278
276
831
653
71
323
758
580
1068
191
3
273
470
1352
103
46
150
4854
445
69
166
1609
763
3410
66
69
381
32
1019
294
30
483
14706
394
1654
1314
258
413
1605
349
420
42
227
700
99
114
196
1602
30885
211
2644
5524
602
921
606
193
373
543
101
374
3759
324
1151
449
2
1098
256
357
254
411
318
137
1436
478
400
1323
4427
176
479
178
60
137
1349
228
832
1890
596
953
368
338
2702
853
812
73
181
430
613
449
1627
270
9
38
461
258
723
33206
703
724
510
579
370
516
208
620
1474
214
383
419
855
38875
25203
2761
1577
118
1868
15
257
819
400
48
1202
4850
1379
747
196
346
384
48
339
468
643
101
234
257
4182
631
726
2274
1546
91
820
690
57
131
4514
8886
96
465
888
583
1
1772
1128
458
381
515
1377
3295
551
3218
174
438
1940
35
86
667
106
1953
1754
2
1563
88
1067
816
239
207
792
488
377
843
948
585
1169
625
584
380
594
59
39871
25
728
18
1956
1084
518
24064
1
312
3347
872
36
4
3736
485
3149
554
2285
765
112
2244
131
467
112
317
340
791
231
863
3000
4026
60
160
580
8366
16927
12803
4286
385
343
2600
518
50
893
53
321
69
133
148
262
363
1381
30
309
920
83
3995
581
182
261
346
333
409
472
1282
410
63
535
1199
2600
323
123
517
49
427
110
71
898
765
3670
109
692
732
24
774
95
754
221
183
1970
4368
1296
1889
286
359
537
249
436
16
671
782
65
662
1571
606
22
635
386
298
4188
1966
2458
701
488
290
634
60
1420
1883
490
135
3325
1054
1195
777
535
187
772
483
296
475
258
220
1107
404
412
1297
57
154
44
202
718
456
109
26
441
1389
623
0
929
1329
1158
281
1478
138
2526
1068
1065
943
1278
7
85
1453
3784
389
732
303
126
113
975
145
4914
38389
45
527
1561
197
1516
16
48
883
448
936
2042
43
928
48
948
256
1381
538
404
1004
698
839
277
371
681
7902
683
559
296
1118
72
23
294
875
1335
534
211
357
361
549
576
285
717
791
40
2231
46
4751
1001
860
58
1359
1198
599
726
612
6941
228
149
644
399
5973
32
967
1344
202
7249
18
172
104
114
70
110
3280
865
215
1027
31
720
183
138
651
117
417
212
55
1926
547
327
2886
42
425
165
842
36
95
198
414
149
2819
2318
1161
1051
1467
16
197
467
27
2841
423
584
3247
1496
41
3596
1321
3223
286
767
1384
928
125
526
3978
119
9
21
150
27
12455
1565
547
3067
57
2855
1188
8
947
1077
2266
322
464
162
1313
163
175
109
330
214
40
83
249
943
1197
422
148
803
3128
572
1795
949
1827
624
1105
1414
660
26
389
1992
344
240
31
1906
745
82
8
1370
2069
393
2310
708
266
403
821
225
452
39
197
538
69
734
126
282
1845
949
736
7
807
2355
321
98
410
705
729
1752
832
2270
294
535
121
36
975
99
1580
171
967
7
576
1068
49
409
727
542
393
381
916
895
346
75
1681
305
13780
6015
383
208
536
129
2605
246
425
1135
115
294
765
680
84
1876
645
419
482
151
7371
147
2008
190
707
275
848
924
480
1274
3729
404
156
426
1170
25
935
4095
238
1347
379
1011
1483
1786
111
81
1916
5
2729
788
661
955
179
1155
221
206
1595
71
311
152
250
246
1972
1856
92
687
111
208
1179
275
353
41
1518
75
115
39666
103
347
1175
6
275
614
183
384
644
427
133
738
767
327
575
450
145
582
4336
186
112
2322
335
394
863
679
2939
116
945
145
844
84
1502
17
5
82
574
200
94
1
1
1688
543
254
123
1435
3351
361
567
1185
187
1152
272
1651
211
276
52
1362
239
2353
410
299
1004
122
160
102
584
533
53
51
54
516
678
6195
953
196
236
941
8018
320
1100
414
260
2465
152
1087
94
1083
286
766
283
118
65
44
91
1294
2020
53
5213
586
1905
3058
1121
39
209
62
906
141
291
74
144
597
198
1209
525
1678
264
356
1555
308
2776
501
34
203
236
38844
407
493
831
441
780
74
5
37
515
494
715
1410
82
600
726
83
683
559
347
221
87
23
263
90
893
911
1390
339
39
559
5474
28
862
88
243
1128
102
2554
365
284
38
9
309
275
134
132
435
740
269
156
352
1380
72
247
776
60
90
99
184
125
504
3496
1021
2395
374
120
654
49
2110
145
340
570
215
2002
663
288
1092
399
3386
76
322
2
