1
36
41
1
0
0
2
1
57
59
2
44
4
93
108
1
128
159
110
118
1
248
561
67
7
137
70
8
2
1
5
1
0
2
171
174
580
3
0
1
2
1
369
14
1
188
453
0
1530
10
1
2
9
166
4
138
2
847
515
1
19
401
2175
1
412
1
3
2
297
890
5
2
0
1
620
4
0
19
0
669
1
169
523
189
382
4761
2
1827
923
4701
5138
750
247
1
2
1418
12
2113
0
425
414
1
1
2
1943
4
674
26
4
4
6
2235
19
1
1
481
474
1
4
723
76
536
1038
0
0
368
9
3868
271
1796
16
312
762
279
261
9664
12
367
2
814
548
16
2
5059
2
31
676
7
2068
10
2051
348
1
5003
1597
1870
1983
3422
320
336
350
4
325
13
2
577
469
17
9
2032
5
347
5312
17
1702
742
4
1517
2086
1800
1
1444
7
7
1724
12
12
37
2
455
1
784
51
403
764
8
496
1124
486
681
401
902
2820
1716
408
5
743
12647
7
2058
7
5
2
1476
2532
537
7703
600
31
2
2220
14
4
4
8323
5
883
441
1346
4
4
6
639
21545
825
25556
5835
2050
8247
494
4
953
10353
1938
4
4
1497
5
20
2556
3107
19
4560
638
5942
1173
571
7
2
1
749
3
11008
4
536
1671
12093
19
539
1182
3098
17322
4763
2
3420
18
684
1105
16
8
1800
35
5
2634
4854
4
588
0
10632
3998
1734
9
2
45
2812
1156
7
665
9
3
4
85
17
23
9
1
938
2378
1
4699
2069
4113
21
2
2824
13993
42
596
24
683
0
1
11
622
635
641
27
6
9
16
22
676
675
9
2591
16215
3231
5946
5
27
3
3709
19
14
4
31
14460
21
8
2695
10
8264
11
6
696
1666
792
2
28
2612
2862
1
3
12
3784
12
14
9160
3244
5602
4
30
779
14
9
17
2304
5
1017
2684
1058
6794
7
17
7243
41
31
49
18
3249
2325
2
4681
8
5
19
24
818
19
11
3987
34
10
787
6
19
2689
1
5974
2490
5685
46
4
9
9
18
877
831
14926
912
35
8700
2680
838
61
29
910
1617
6
203
13
1798
882
4739
1689
26962
2
4937
15269
41
25
3035
14
24714
3473
4768
1169
20
1573
24
7972
14
5
33079
2714
8340
14
5
8459
14
11
71976
8859
22
14
1025
4
3
29
9295
12532
14368
4705
2738
4168
9602
11
1737
2106
28
22
3
14
29
10
214998
5874
187244
18279
75
123
11437
111
90
8
190
213560
22
5077
177371
187
67271
265
10282
13
6
94
71
235
16830
14755
28475
19345
28110
27285
7389
353382
29793
243
16
337
144
12888
50
25443
27
7
69291
19
21975
11207
51691
14401
47089
77047
26908
89
17840
352
110
68848
58
50
21
52
17
9004
114332
12
244
1062
8591
17
76
91560
509
6001
20
11638
67820
158
80952
2347
59
2407
1638
6855
7
7
17
30
1
3691
3138
31
1193
1381
2225
35
31
15808
9
15
19
101
8792
2
12537
32
49489
5357
3
67
5932
8265
1187
48437
9
1180
2079
2457
5408
643
2141
2860
1
4307
27
2615
16
2291
21
27812
1474
1585
3096
3746
269
11
14901
27
12102
7
2033
46
11
26314
15285
34
1946
3294
61
89
9
267272
7290
1682
14081
1374
1454
18
54
4
46
8957
8331
29
1388
2122
1368
2451
5
2602
2314
31
6485
37
1974
7
144
28
67
50
3143
4723
34
1244
1818
17
25689
1661
4464
17647
9
2533
1815
210217
1
17502
56
1312
1206
1542
15238
37
5
8
3524
1393
2725
79
41
84
7
0
27
259
6389
1532
1
5135
1
1709
34
4758
161
1
96
1342
7718
104
11
40
52
1768
110
8
8
9025
5107
1535
3161
3188
2297
12
4840
20
4401
45
1629
35
106
113
2026
9528
3109
4847
1701
41792
2
7
9
13
70
1474
3073
8
40
37857
37
14
12
8
8
64262
4671
12285
53
16
37256
13369
1433
6568
3442
1512
37
1960
7893
87735
166431
220
6234
14812
4810
5962
20
20
67
37
16688
61
183
69
3253
20
3398
49
22
40211
1851
29
3506
15146
25695
2230
2
57
12665
1568
25
5528
34
3149
46
4
16
6
46
3
118
24
5
5855
3
146
3267
3757
2053
5003
44
7326
20
8
87
13540
33
34
1787
9
4
20
28
37
5
8
1689
41
5452
64
148
5
1855
2178
1745
63
156496
3024
25
1
44
3389
47175
6189
1752
1729
2120
45
4919
12223
10484
23
1610
6765
1
1651
35
53
6445
2054
7
29
0
2835
2422
2601
5924
21
4607
2487
23
14548
5
8
9251
5992
19
27
5
1739
19
3571
1837
30
50
5528
16
4019
3772
32
26491
34196
16
1
35032
3658
1768
2
4554
30
1789
10
3914
34
0
6352
118
3008
127
17458
44700
7587
5062
5902
95
21
2198
10
60
5
6447
39
122
1880
9259
15
8496
11
16299
97
2935
15
39
21805
2152
10058
19
26
75096
70
33
69
3400
3879
72
4281
6
58
11316
3639
133
14435
17
7636
2789
3730
2933
18
6362
30
4
5
81696
18
25
2183
1933
35
47
57
4239
131
13573
5
160119
4
1870
3
12
5504
239
22
8
36
54
40083
3149
1867
42
2243
20647
26
7700
11313
1930
25
3
23
33
176
11
8960
2864
13
15
1457
8650
13
35
3953
42
5161
11505
35
22
58918
3995
204198
241
6549
4376
23831
144749
80
1993
10230
6782
10
2129
9245
22559
84
4257
1957
12039
1
27
24
127
47
57536
2043
23980
2
6478
14498
14574
2379
6640
66
44741
4076
2819
13819
4272
89
97
8
72
54
31
274
5
4317
0
2478
31
55
47
1
1
459
2
4
34
75
147
2137
135834
12
28669
2033
20
18097
92
29768
4
6930
32944
2094
11531
34
11420
30
13
3135
51
4
3777
38
2302
2577
11
4711
15841
14216
63
96
44
5328
9
4054
3242
42
13
24
3336
190
22
183
5500
318
10506
6850
34
5302
55
3957
4454
80285
5616
11
28
21
22
4929
4156
5023
3480
78
25309
7
2384
3385
8028
2
181138
2268
5
21
23518
5
21
29
211
3131
39904
141
1
64
2761
26
114
73
13
11
187
82
11504
9
4027
30
5119
4672
172
7099
26
4394
5335
131
188
54
9800
194729
8
5957
10
5197
61
80
82
25
70952
135
32
8205
7664
15366
2640
344
6222
16
310
353438
2816
11802
35
76
99
9
2355
7321
30026
16
42
27255
65
9
31
2340
96
2283
78
24449
15
5574
2746
4901
58
4217
16680
17777
12
3
184
7662
322
22201
2
30
70
4096
10
2332
4793
16
2939
108
7172
17
42
4837
161
451
11729
41003
16
41
2462
21
16354
44
25396
58
2510
62
52
120
45
34
7
13183
2564
15864
9
35
5374
19378
42
7594
8238
72
32
6548
2485
14
3151
2404
8551
2
93
12960
78455
129
77
5912
139
19467
8
2508
4415
134303
3137
155682
201009
25
35
2632
76
45
53
18137
145677
11607
78
4059
5688
158
2458
2587
2813
2770
15771
5057
69
77998
5844
5471
9
10
54
2833
39
2623
4704
8596
9303
8
4349
14
2573
11014
5
17
138136
34723
44
60
2992
3037
85
4
15047
16106
30
32
8374
2606
11383
4199
79
5314
69
8
29
92
18
165
12389
40906
17148
96391
58
634
77
3
40
5928
123
170
44937
19
2
23
16
24
35
84
118
35056
49299
33015
2943
45349
40
8
26
48663
5356
120840
53
37
36
84
108693
15753
3
5328
18
81
48717
2780
26262
456
5695
6
2854
68
6737
7759
22
28
152
2747
6650
38
19242
17330
114639
68889
3619
93
40
4374
16943
37232
6369
65
29207
12367
2856
10
3619
18
13
4633
91
152
4796
13195
23
34
50327
8959
6527
6533
5
65
58
12325
129793
14390
65
18
84
52
13
4472
58
56
7353
2962
12943
10
2972
219
44
4875
6908
94
400811
94330
16521
29573
130
80
13
11149
12973
3100
6
70
4777
10255
9
9710
6
63
8
43
3319
698916
5614
136752
3071
12
68
2983
20
12
232
6199
7139
23
3430
35
28
8864
2983
5063
13834
91
1319
2871
42
163
8
3127
79
100
32
13929
6100
104
196
11185
26
29
1263917
72
22531
8992
4160
622
25050
17
13
48
11072
146
114
35394
6
11410
2
51
29298
7006
127
9342
14
12
5468
83
13562
57094
77
3721
178
68
112
2
49194
167
82322
33
19502
62
10146
59904
5445
13
13123
40
169850
291
3245
79434
5167
19
41
6
83
8
18
3412
24
34982
15224
2
25
3180
55
4
24
2
585
16643
23734
12134
47
7505
50
102
49
7758
48145
7811
61
3080
76
65
6809
10535
33798
106
3741
75
76
131
32856
70
20805
3315
18149
9
21887
19791
3206
19714
117
1
85
19820
5571
182876
15038
26854
26
281
35488
17494
11458
36
5
14905
127
100012
3
1605
12621
18617
13761
7
16
25
103
13953
11044
53
4444
11
241
18449
3951
5357
51668
22923
41
64
78072
65
232057
11
31
141
21
489
406
5
30691
0
49843
4167
29
15619
62243
12260
122
3324
21854
80
75
6734
52684
73
3858
5
231
55
405
33
12
199
75959
19
50260
132
64
184
13
592
13843
281
4939
5044
12787
11551
8
12005
9
88347
13918
6124
13313
109
8523
6286
26300
48
4362
66
8708
4082
50
8303
5486
223
30
27
5381
169
5
94
326
6155
170
145663
18
9730
82
5154
60712
8719
4151
91
50
26
133
20
35
4726
21
250
6543
3831
10611
7405
45165
4722
23265
9917
97
91
8
6178
18346
96
6033
7321
46847
16662
3863
10486
238
13068
7889
3749
77
103
53
23844
84
71
11875
102
3530
3952
7014
91
5927
17358
6054
24
16
34284
15
34
3789
25992
30291
25827
3814
4139
4227
2
28
11366
63488
68
3771
17984
7570
6666
80455
131319
4584
243
40
18645
217629
40590
12546
6192
42
4
7759
7173
20137
15
12799
16
29439
4012
4
6952
3725
60
6268
42808
204441
208
8
9977
69
86
4112
39000
55
15
26957
8859
82
9
82
169
4595
14829
41
8842
19098
61
167
113
11
36
133
4240
78
135
340
8806
34599
133
209
226
84176
97530
863794
1657
63
63085
116907
2085692
81
285349
39
4546
19
311
95
44189
15138
33
7324
28
7921
50
61
45196
26130
68
5661
161
75497
93532
75
4
235
116
12
6686
34
45508
21224
20078
13
334
22591
106
36286
13686
28
6233
216871
24
30096
467933
36214
117
4
35
5038
6398
10432
52
7
119
0
11
120420
51000
9604
43
55
5213
167
25
138036
40
10579
26140
108891
68
19534
197067
21294
11169
5454
59372
219433
51
7265
411
23967
4861
1120600
1
11448
6051
4685
16
220
62
52
61546
42
4977
639
12807
20
4
134
11565
310
10
17228
5118
6
95
22
219
213
173805
84
61439
8583
10
28808
1230
4730
2304
96143
8791
160
229
99
5144
17
113
53461
4372
12164
35
25248
9830
18
74892
490766
59790
10
617471
265861
45803
27627
151464
1728
49298
541
263892
58184
26671
56487
25025
130820
734
4193
1170
246
299474
452
2008
29594
1461
147324
529
32495
57883
30597
458
27364
59000
40146
378
155
914
423
361
337
4776
37526
25678
11644
10693
9946
112
18079
13904
43334
66
51
4414
43
4949
13834
3947
29281
8812
48
186419
285
5
9480
56
1
288
39121
23
107
39
6
40
4267
9276
540
244
52
23377
5010
43
1
18612
316
4529
215
177
80518
12
67024
13645
36
18
18
79
23
20
3037234
4076
292
39
1056
120
9880
5
114606
85
49
4296
2
20793
10353
14724
184587
27996
4
31
76657
26246
4
33
57
179
62
102
85
4675
4354
145097
4133
11931
44902
9
78
20
69826
4122
6956
58
13586
31484
16
82
7185
4891
18908
4092
54
516664
206
41046
3989
78
4555
6294
23
79781
26659
35757
44391
19
60
4867
4
46184
74
90602
83
79
4506
26
6683
98
313
292
2
23043
13061
10155
217
4867
32107
7
643974
51
106
7418
11
44
201
122641
8446
5211
34
86
24915
684778
29
89
27124
9741
322
92
129
11
32
5740
22094
49154
4803
17
1111883
49912
19058
84
45773
171
10070
23
55
29243
105
4522
18943
81
42
47726
154
32502
108
288
86
11
4524
4542
103
146630
10810
38
19
218
93
57
4537
20
68
11
10027
23231
20
4551
35
101
32
11
274
329
6322
281
29829
41159
34
15657
16
92
20848
4525
11865
19758
1796
279
4344
7344
160
354
21
4383
9734
38699
91
17
54
209774
5
217
34142
91152
31
8
31
11151
42410
122
51
27
5162
427023
9726
4
4529
31563
5028
48014
33260
19881
7715
103
9002
43973
25
196
60947
533892
45
52
4464
102716
14
34342
26060
57
9247
5377
22
67137
154550
179
130
167
676
70393
35786
42640
4325
10322
532
10465
13
695200
10592
153208
77294
14055
177
30068
53
25233
458
10640
16696
94794
38
42
15729
10
19
19633
26876
7026
144
126
17441
20593
117
144
58
88
39
4985
82343
22
14789
72923
4536
6078
4952
42657
21
217
9396
9263
24701
20466
18
23242
85405
19619
8491
11249
1106
191
94
5200
37973
26
33227
6
153882
11124
26
65
44
12
15611
10
4515
56185
58
5
52
47
4794
26
10976
4943
10626
9999
66736
191
119
81
178
2
44165
5125
78044
25698
30
13
5634
492
23
48239
27
9815
70
4861
236466
12
661359
22406
13
6801
5215
194645
195
87769
8
16712
16456
15
61
0
157163
15
34
49703
26
5126
13
33
168
13231
8
122
15
75
66
59
29
136373
10576
12674
217890
26007
3
94
96
98
251
441
5496
8202
35997
5855
12052
6018
21585
10155
25
7966
1
79
39805
194
17982
28145
60340
61572
5673
36
484
64
468
72
62553
33
55
485
6425
10850
4904
17365
28967
218541
69
29
25072
4839
855
101
34960
104
76
9
11170
5137
9715
49521
16688
20822
83
104
1198
24
33
362
6347
13621
136776
18640
39521
71
5060
114
27
49517
44640
183
28253
174
16703
6911
331722
82
11429
36
546779
55
274
5154
24039
23750
39
7170
119168
5084
35
83
328
468
10298
75255
143
343
140
12120
6848
40036
31
88408
316304
6964
123943
5
24
58
55072
129404
143
29
24
31
19
24
54478
31
80
57492
81
17102
5015
354671
26
21358
16842
112725
14
95
48
13064
52
8880
27513
5306
2
385
5467
5048
64
26
6690
595
38560
152
38104
18158
189
52
145
102346
115
5288
45155
111
34
103
18424
179
17277
193
58
83
12737
21
13
233
134
3706326
5649
9529
229
74566
108
5197
21
53
44255
36
58
5635
72435
104
77
120327
6366
6378
8592
34
7255
7032
204
40
5544
5446
189
84
17716
60
54443
44822
5057
12338
10
12010
4
7600
138759
38
9202
79
897752
213771
31
71
25989
226945
5807
15889
8132
151
191
28499
98
12311
52443
5482
158465
18499
104
16
6924
17402
120
77706
4
1
82
12
7457
19822
37962
79253
86
254
60100
209
12734
43848
6784
31608
6439
303
15584
12131
27772
11293
93
687
7263
8409
10
97659
120
121883
263
18287
27
6045
122
75352
63
32
26
24452
31
319
5294
50744
76047
134387
6664
48
19013
7754
7320
73194
7167
89869
1
10898
38415
224
6
191069
8193
47
282978
10800
22189
102705
31
1
292
68
6632
66
1
40
138
9
121
187
42
7062
5888
174819
11
21684
5576
17984
259
46
146539
139997
2010227
19277
30243
26883
250085
29
22061
199
98
146
25
10
55199
319
6509
231
41518
121
542439
39835
13
10816
6810
16314
1
159
42
30164
5616
95751
32124
21309
282
209
9629
18
113
92
15
73
46543
7
537
117
238
5657
5980
132
19
23699
159
34110
435217
13254
6118
67484
191
16678
30613
26
8099
102981
2
50
85479
111
8739
8961
34
170867
58
1032
291
337
20
27
45
380
6243
7886
28774
6639
112
13894
67
8206
31690
6298
26
21
9408
46017
13644
28398
268063
422
43
90
278
31946
117
80128
5549
87118
247
6421
180
9401
39
347
23
66
180110
5613
51
715136
26630
36
23287
7331
11268
11772
36
17
6191
131
6674
19670
219
22106
7110
86
80230
101561
60634
157
26726
44189
8274
253
12
31093
79
11313
212
19
58
47
1
16
81450
12632
55
361
88794
18245
61
4
19
9662
18
5921
29
88
14079
8371
23
252578
72
12893
1
544
31810
5759
5904
21506
41
6130
13079
200
6312
14
239
50
43
178
7463
6803
23189
63
435
1620
438
18
180
10130
117411
7828
5
222540
11485
9494
132
19
340
45424
142122
130
128
2
69
24873
27018
14983
7381
60035
6
89
35781
9808
45866
99
160
552483
20033
19807
10732
6732
118
209
245
10652
20487
78823
26
9910
8
10628
30
50
17050
325
485
9489
236828
182
17560
48847
35
43304
9473
138
12
5
36916
20
247
235
65
7400
106
57497
73071
473
10
288
351
58686
46979
518
270
21069
154134
292
112
60
5
54
24182
30955
40
1208810
6317
149728
19242
19412
66
9142
11381
93
240
118
7937
77
99
238
7056
20255
200933
14605
46157
137205
50586
7059
7621
7
20269
76
8034
99
10266
100
236
60481
7169
173
12
13670
49
10893
7458
76
81
89144
14493
207
40
54
22
19997
65689
51
124
1
170
7921
162361
6351
233
116614
106
15
20
57
167
22145
124
78
183
137
580
187
7747
7242
7899
139
3
13
303
135
10359
9230
11456
25
22885
15656
557
144161
16
7552
6335
492
10656
7
80716
95
350
439
165
61886
6781
14429
475656
708
12974
152
6661
15433
25530
125902
59
529
120
727
16080
301
1857364
20921
162
152
110
9782
108
430
25
10869
25
291
9410
8171
130
359
58
277
62183
21124
52
4
7811
115
120
34268
72
47
71
10953
312
21
6526
6732
49
14027
1
158
7677
36
13906
10519
21487
56
26
55
393
14226
7947
9008
92
12207
57
18
31974
10573
85020
91
98802
124
58
173319
25
198
210
1461
172
227
65456
42
577
28857
158
14251
11501
12
107
114592
388
21
13391
77
16138
77
641
1436
380
57
28
32409
1207
8912
35276
35
163
93937
75
375
19
27
46985
16807
8206
31155
6364
22572
99
19135
210
19
45
364
78
11274
194
192
9930
141718
284
946071
61
6648
12
153
126
40524
24
31981
62
126
1082345
183038
80
389
107108
102
283
415
17352
165206
237
8731
393
67
71
415
112497
57928
295
80
67
9410
42216
166
18077
159456
18
8245
23445
4
282405
106
98
527
45206
13033
263923
84
8456
42818
146
99
176
120
26558
103618
6456
193
49161
58
5
571
17
128
25117
1
29127
203
87
24
39
16
206
78
15360
7351
39
30373
6668
6295
21998
33
43
64
24517
90
31196
11
10136
44
245
1661
98
28
7148
519
23069
96
88
5
483
6629
187
114755
23074
52
11707
1114505
166
121
273
53640
13794
25
7952
27
298
795
20848
1964495
177
52
183
7437
23
268
9268
100610
66
16626
107
54
30
6
20
249347
10600
1204
10395
31
67
196
152
12507
14282
283062
124442
28
3
77160
104682
23949
27494
122
132
7570
33
9
7787
21689
53380
22688
67971
265
97
9317
42706
40034
118
32572
67
147
28
123
135788
36186
38625
43443
12
1442084
61
19
45579
24962
88391
1013
17199
126
7288
59668
21
591701
318
6710
56970
56
196
8043
6729
145835
17680
8024
17
8
322
11372
121
31689
8835
94
619416
261
196
30
57
29012
607
75469
27
60
69214
33
36446
296
289429
140280
91
8149
25113
58012
25
64
237
84595
135
164
10
46813
26
266
175
18672
50682
17
89
11974
25838
145
90268
1050825
78
75673
28404
123
69352
9838
125
107714
30371
15768
185
18663
97
1548
9746
6762
213
16
305461
128751
31427
16923
31804
8101
769689
81
21300
412
766
164112
157
7684
17
7068
38560
140
217
8006
23490
46041
7149
190
80
35
70
78
27186
122107
573
13845
618
52335
31
673
94
107632
436
246
715
289
32544
533
45922
33899
353
104
11143
223226
116
17679
14259
30
35533
70495
1615
276
150
18245
347
247
166
40608
67
7916
169
103290
60404
154055
121691
11390
21998
20505
12935
37388
24145
115
91
146
661
32
49135
8323
9295
43330
55131
10660
22
965
11
67
22502
303
217
1
601
1711449
481
72
169
21
16973
66
70
11991
61
115
89103
37293
1502541
84975
416480
175
8314
184902
41253
8299
22175
2161
57675
286
10103
27
68440
1687
22880
25
328
62
1081060
178048
102
295
7412
18916
233
17327
82
1292079
34073
125
127730
11101
22
8447
11134
94092
7975
32075
78152
34414
169
6
97062
17107
188996
101
139
249870
18648
138
29940
289
114
286
217
25450
225
72678
42715
89
72431
13108
289082
49
25444
275645
42
17278
32
71
8996
11202
143
48899
54
508
9
12553
192
21994
26735
44
113
97
21582
25
14565
11400
77
36895
360
27637
147
227
7878
29
56318
325978
51086
553
328
290
19
105905
12
543
62623
8163
64282
15877
111
1175
1403
64
606
51679
15614
145339
112
53430
837
4733393
258
34362
18649
70
136
26644
22
8970
98
7414
17285
389
31
100
17821
54766
337444
7633
19681
1154
20374
133886
30
273
44
54
7955
333
51
105
8564
103383
55
17484
77833
227
243231
32
43618
40043
158
203621
19
182
8384
324
16887
39
13006
838
80169
30
166
80890
15
8938
6
35599
129
40714
29917
8
32063
96399
25721
13
18345
88
42128
21
443109
88
39678
33219
8476
13709
29
499
123
135417
36
63
50938
184
161
45170
129
147
175
659
19349
10139
43
27107
556105
1329
12765
418
36760
11409
5
409
77524
25
63
44227
12641
1034049
737582
393
70
146
263
10301
134471
71
54
19
21851
1351
22935
101360
121
135
14984
47
8
214
72
138
46343
66
44121
194
259
13935
37355
74
210532
150
88
46
137
72497
18120
61
59
14329
516
105
366
27380
267
102479
551
55
18
11181
4021594
9719
18906
126
331
22587
11925
10890
929
40569
102508
119
9537
11863
31
37701
85
81
144
10224
121
321953
6
617609
133
63
78641
6432574
231
138100
48022
2519
710
16
35215
9
262180
60
55517
22
35040
20103
108
45
322
88669
24677
1716
37434
203
310
72158
77357
98614
57646
553389
11900
84
301
26951
43636
67
93
9420
3
376
125535
26911
46260
77
40706
108
181
70791
76
62670
49469
145
26068
114
2
22065
77939
17
20341
182597
16500
265
12293
662170
273
17766
7
27491
193
72377
40
6
15657
71
32860
541
79
17542
33540
22764
12988
2100
18448
16391
14923
183
60753
570579
13464
871
15470
37581
147340
322
21500
18910
49
15
496
818301
130
71484
32063
335
434243
67
10
42117
252
34822
77002
673
192877
10727
89
543
66232
89
62050
1320603
37647
922
22006
5
566685
32289
19009
15561
472
265
35374
367
189490
14
84236
71
119904
12684
12
54
26
246522
11497
32
128883
13993
76
349611
10106
216
12259
37
5
527
70840
14849
9550
14958
606
10459
159
19729
115
99581
21993
414324
9024
208
47
8195
91693
398
10804
230
8
38
13
17106
9140
28
23
8520
53951
18583
20602
83209
402541
82
11100
35609
78346
447
40
18214
32
52099
143
10
11093
14120
878
58759
99552
21221
18
1189602
25624
8803
19082
27
36
117325
8328
36986
200
28775
10573
45
22467
94301
151
27215
97
16800
154
302
172
48
188
16087
41956
296244
15
10771
124
19
49967
32362
66292
87
90
30886
11483
210
40051
14555
10416
81
330
47222
15
50160
50
15408
97
22588
22
23537
308
87218
237
75978
94
25174
98774
121074
38928
24180
1104
70914
57527
16523
91
211
19494
36
21998
42
384849
248411
211489
677
416
162690
1214
328
135005
267144
200697
4456
70626
297
15231
1653
318
28711
199
159
162
137
21533
29
44
302497
17011
259
92961
109
28560
172069
156
17
239
21071
122306
93
391844
77806
564
2311
3823
211
6163
704
1377
78
18907
36491
16
61
795
50383
65177
20097
153
1
194
10642
44219
465
84
72975
69
656
64526
49257
45027
83549
43965
19350
10827
82758
1051
23271
330978
88
0
26139
9946
20
18615
42939
123
182
27185
32
21297
757
19814
16885
88
17190
71650
279386
93
32
15293
39444
60767
16932
47752
223
219
129
91650
10748
8205
1
163
39634
11044
178
115
12074
176554
288
426669
940175
70191
14
2600
142808
1283
383
134244
174
594118
295
5
347001
46
233
70925
51041
39689
28961
11127
105076
191
104
21082
79
12
74146
240327
317
103184
18845
131
298
588
121925
140
292
26397
25955
61086
660
214
46206
1125935
10161
331
180519
9526
10366
10289
20626
120
680
19812
50839
27615
24593
96
42657
252
42825
140
27989
120
38911
436
241
3974
147
20
9903
18515
515
30540
274
10780
40453
176
33180
253316
1196
56592
11233
10651
282
68
29242
10899
96190
114396
24690
10917
145
113155
194
194
27382
1107
218733
37593
28
95
361
126
575
163
66169
25173
21359
164471
46680
258
212568
26324
28577
38
9853
10303
8774
109531
52
37149
213
286795
87
15626
194288
171984
18
15049
25
74872
93
13443
23
227
17204
21
659113
4
10714
35635
147
81887
12327
49
686
187615
55
11345
9598
41114
52753
198
716
99
160
378
129
83923
28
139685
252
240
96
21
1543
79899
20561
25245
194
21113
93
227779
30756
90
2026
384
80161
38
23006
19
21659
209195
27
289410
11342
654073
76
16420
12031
607
71
128335
265201
224
1070
5387
1587
162630
1764062
43002
51181
14840
32
35
12270
118643
34896
42908
134
173
69450
279
49814
2
1947
66319
81
40
30
179
457675
136
226801
26667
603392
11548
20811
338
60
72
77
161
151368
11181
420
8
282
474
43
208
11030
39
19708
32
28915
27533
411
112838
22278
24926
9539
11188
24
23622
182
76315
11545
144
293
9656
75
66
2
35042
546
177
730076
680
23477
85
292
226
12698
689
10511
196
105949
120
204
26392
330
58
70
9373
31451
31
9498
247167
129
57915
10830
30608
25403
200
9138
108
27521
151
81
30395
11373
237
11200
212044
26394
45723
169894
580
46
119
1336
14
113
203
110
408153
14764
855
44
164
435
238017
33
40
223648
31261
49223
98
15890
83
178
80744
15360
131
465
12
61
10135
73158
747325
11155
93
69115
127
71
389
64949
696
21306
139
10324
25
17083
12338
66824
65745
24545
14520
15
17619
481
32340
228748
49755
66837
7716
242635
3332
1272
19756
5077
377
438
240
76616
1192
62686
28513
18
887
248
52498
178
5
41696
192
189
248585
337
154
15292
125
358
21920
6
23474
11334
399
104376
112
25985
30917
16697
174
308
167921
12710
15566
22670
15332
10189
278
188
35
52108
13
324
939
56810
22346
99890
140
8
214610
353
43011
54089
188
31552
91
114
112937
117
24051
16396
141
14661
51669
117550
200
80123
6017197
83779
47
52
970976
123718
48
15410
39816
210
827927
142082
605
813
191897
280750
441
92429
415
27455
275
40602
46440
53
30225
343493
49200
22977
50933
174
295
22
27270
145
173
12810
88034
9647
575
791
1325
124
501491
878305
184687
181
309
14
34
347322
16708
27543
47347
830
443
1550
73541
62842
17367
263566
83215
54461
21333
16913
1821
81729
26011
242
19189
440
112311
269
80
3908908
4
122
384
61
32391
37
13184
334
35
25057
125
29383
463
62
196
87
94761
143540
112413
913671
31
158
27
1506
2
47
195
11308
97
38515
2483
111
28
60035
5
52
346
347
600
13645
45022
113182
59514
112
378313
802407
22727
934947
341
25702
55477
22994
12330
36046
37123
16303
44
16218
1814
529
819
37
482337
35739
22912
67
112801
617
38281
74015
480
224
35775
26132
111
115
319
15249
170
12
116768
233
39528
344
225
354
38
185
52
166
74
191
13351
83
83
58432
65075
121
228
57371
267
182393
84105
698
45
19236
9969
52
18
48665
374201
1319849
12345
126661
103
18311
158936
34
36189
443810
288
46
38
16536
175
598
377
1589
120
114
184
242
14128
644
127540
13030
23471
29
112
69303
15079
194
37849
22326
60367
156004
11901
592
986
17
126
213
76975
156
1523
12564
187656
299717
12214
44
504
98
97719
156
1264471
150464
15341
358
468
51568
252
388
157
27483
115716
47497
86539
361
136
75
52
118
1202381
77
55
78450
17
14534
104586
295
88
33
158
265
35084
139
39480
18451
961
65
81067
215
23661
41499
56
913
547
682467
22915
51579
46
19760
713
974516
308
36
432
766
254
288
20429
48
14621
111
2169
6
21532
70400
116
19
584
40150
561
126
24
532585
44
311
155657
348
26
64
136
2988
177503
353
196739
168
45
25299
21170
123
116
58
64170
48409
24390
25585
21624
361
163271
160
24
80682
61
77947
494
20878
232673
547248
588741
453
78
237
304
65
106
263
55865
185
49
62775
1137
106
47488
278312
91985
142
1759
17943
81901
443
1809094
62975
357
551
371139
60
12440
93959
59
59317
89
57
125797
51138
17499
10331
14808
330
16089
19
83689
18500
384
99
29936
25
18110
43342
116
402
24517
14845
46
14050
16455
884186
33
230832
218
56948
255
18218
30
28778
261
18645
197
340
370
37374
192
176
37
18237
27
400300
13199
55808
175
190
16244
63827
81204
46922
2633898
74
13698
10652
110
81352
13428
239
223
450
9
40403
217
27
20
113133
23524
143
23092
18472
18
140
1133
93
144
74251
97
104
35330
10
170
59
29290
164687
4404835
53
251851
12072
26
374
76
56
104108
14313
52149
28980
10819
283
28136
51245
44
686778
39
24
79310
12662
272
713
156
17285
87282
49970
24472
29638
24221
18699
120
132705
42858
866558
21
56252
814
191
1613
214
359
46973
144
154
66025
75
285599
158
83
262
41
9
22990
534
44784
203
38643
14
269592
34646
269257
16200
289
99278
23686
41848
16786
34793
2521
145800
49629
125
4
33311
70457
16614
46
40125
23835
195819
318
36327
41
17693
310
197411
110
35491
87929
46837
111571
449420
21416
50
117
214
61
225
31
24010
57876
20617
61
14692
278
245
342832
39
147
4688418
781340
16569
14741
451
59417
193519
215
17951
262
13207
14280
34
466
95
61
603882
20732
279
26469
187
118
352
32714
13391
15396
75365
176
65
10956
248
353
104
13192
231
334
252
407493
10826
788840
11248
109
1074
101290
17
30566
11039
218
40
142
69
208
325
8769680
13771
166488
140
37135
83014
19624
17812
31772
44144
49
10820
142815
61
309
9
48256
37
918930
16
17924
183
1
790774
243
774
13780
169
214
13982
13950
396
242
370
250654
541037
1150
92605
16438
132
263814
777158
23989
35487
374
77060
47
22
127422
68258
14800
80952
24080
39762
57532
53272
180
4034010
301
175070
372
41636
16874
278
314
49043
81456
20058
123824
14204
14722
27546
178484
17892
1015
15570
79671
14545
111
31
16553
16841
113795
37
18278
2187
362
2
12423
5
152990
69
76
307
763
62544
22804
5
1417
27
473
208
16798
19828
34
21270
40
68718
144
144
13365
39
111
164
21489
25068
743
87
276
320
118825
58637
270
244102
259
31849
30606
201
11857
86115
23639
123
215007
92
132
25680
139
45323
32899
368417
435
2246003
626
23661
28
440
1142
637332
97
6
20488
50844
6
69
491
27419
198
81802
388
78561
129006
579
285
89
233145
91477
1732
177166
1809365
885217
146
16187
86
164
15692
325849
43
382
347
18879
15072456
11876
11127
32
75
68
219
63728
410
70048
182
131
1836
154
341
11064
69607
55678
89337
13699
30372
53726
21841
17
11470
100682
142
1030017
565
112
123
11082
419
183
43138
11645
2
134175
68
24386
281
11289
48
33380
11257
63
318301
96156
1011
45428
71208
112
187
2307
106
101
43
24072
43
24674
92020
3559
490
13516
122
76
15998
227
182
13387
301684
89
183
12694
160317
19350
4
90
229
62
169
45074
46
177
107
45428
54152
648
231511
15
39
22366
139370
20
16958
21983
96501
100573
735
870
2604732
250
438
3018
109
515693
61619
94
25
112953
16776
2205960
430
371898
12200
67196
15541
12392
978448
53045
1714326
81823
83809
55801
1061
24043
46058
57027
9093829
95
1292
129
11333
50453
60744
2
209
59392
244
30
479
35
129
30239
12357
696
38727
719
742
57
124880
113613
29283
58952
34198
11535
34
17516
144288
123
106705
11301
24105
11555
329
58200
12471
13116
55
14218
159
17286
56
262
3
70831
157329
12489
338
57544
13451
19721
577
15692
2
253
11802
62123
11538
351
12576
15396
73719
5
44016
254
12
90680
222035
91673
118
478
58392
57976
419
11488
354
12461
12
287
41
13040
13439
41647
52159
60
351699
70
408
142
139
62582
13927
99424
41843
56
154
31867
3701
16836
37859
484
54
107
14029
13969
13743
13874
12356
64769
39561
131
16
93210
1580
323
51
128511
12382
10959
170
258
34913
253070
15300
13043
131
72370
233
539
11
12870
1
1473
507939
14948
137
16507
148
35012
25356
51733
1208053
75444
12530
2
26349
12
63152
17
25952
80
14777
13
1417
1218
26333
50
13936
13646
494719
189
575214
11799
33025
15537
1267
1647883
95217
118741
3557
1144
191
103
86
27147
86
249
11503
84
50
12418
12585
211
16457
43022
186
11601
3713377
12392
62210
6
1071
254
11
773732
67947
7
17683
12285
22
49087
84
6
35106
37964
45823
641
187
102
359
12300
562
55376
155
263
58925
38279
421
11494
19
98299
77
19050
12807
11
165
124
82912
199
1531166
114
422
111
34569
71
110425
18832
36211
589
12802
12067
12110
14
23836
247
117121
3
13637
185
97
36008
107162
133
2
12
12112
12313
13098
541307
231
562
158986
214
59
167
470
560784
105
12856
48387
1456
25847
179
25511
166
12032
117971
12103
55
449
104
12235
22
12148
102144
107916
23703
717
284
792
107
324
256
74
11672
24446
798134
32047
4685
28
2
475
170
11891
382
37535
313
59
34
431
24689
1039
333
510
33565
26714
13697
342
601
1197155
484
452
462
692617
53399
79
625675
82683
12802
502
157
11874
213
393
76241
50932
20983
259
608
7
1182
69
111381
132417
152269
94
12223
26
14756
1
18163
469170
129014
47
276
20
24163
23406
12007
11940
24356
108
61
13085
31372
68
304
47897
47479
26
194
12149
100
36371
17119
13554
28773
21189
12
12231
59168
16812
36657
74
27051
53650
13213
50768
53
13001
199
426
88
47829
40405
311
12880
443
12421
301801
258023
12597
36703
12856
11
13229
62
13390
263
29056
109
71577
343
13501
13845
91
82387
322067
268710
183
69
12440
114946
502
63
213
8
18859
162
321383
21044
12197
11846
60974
288
42226
52
1753
12780
55669
203
84950
80252
11764
116
316
347
82635
88982
11746
58804
230
158
194
219
333
197
226629
9464
16941
47462
296
205
437
214296
68
269
8
210
31253
12205
89
12361
7666
159
74173
91
38
11951
87940
33
53437
17789
39
166
94
845710
51624
499
121
516
6
49499
12797
24518
82
16135
12415
123
139
83769
44485
13186
144
37
25152
600
4
25125
12659
19
302
29
217
105257
271
21354
359
13168
954
19
12779
62
352997
13181
21244
68
124
55
118
38123
67
37
63
38748
12453
206644
76
52
817
11923
262
670718
9
38
314
200
40772
399
284
102225
62428
275
19657
40999
191002
377553
20
13369
238
194
12453
12131
17307
297566
77895
19250
24
24253
69155
84769
13303
332097
25970
186
147
85
738
139
292128
166
49831
279
134
147
60128
83
55
50
742
62
24513
12972
120936
285
71
36375
64
64
109
13203
246
109
30156
542
25796
98
32
26028
248
13296
113
122
12640
264
13047
52376
12403
12793
13331
250664
77
16777
444
25035
16036
465733
50608
26586
96612
173
60
175
787757
202639
240398
613
85
38666
202
12615
8
473
83
715
287
12581
397522
12643
46
97766
18
49257
94
126
87651
165
359
143
261
12
38020
134
78
32104
206
877
39417
238
91964
68
997
303208
625
37772
237
167195
63
64237
285
113
70604
116142
166113
25
13439
12516
25073
1578
36
12197
567470
672
13308
2355
57
73358
12713
124
12015
36
273
839048
3733
36496
17
37518
186
371
83
16
671
153
1403
229
44919
27368
58
2
8
161
6
0
550
56823
13130
34
80307
12655
1375
18
20
115
2767959
256
12293
142
106
151344
13715
226
4177805
118
1069
327011
45791
123054
770
12431
12598
7281394
302
43
202337
308
168
5
135
87
30671
77862
376157
302
308
140112
84
192603
13791
208
141
27379
88536
14745
711825
307729
48433
224
12178
4
95
14102
14363
540
25
20
88060
183
13079
131506
110987
829
384800
225
14101
13436
26792
26861
28
141
24871
6745763
14968
13544
27171
60389
255
37498
73
12798
62
282523
227
18686
14
432
32184
220
241
537
92018
204248
1720
623
126
38632
53
94
91
42
55731
155
81
12950
380679
1861
27805
38189
12942
1203
34618
2889
31938
50
94351
50
56577
12902
56
153
1479488
13196
19096
125
95
61
142
48
46
96
224
110
25176
47451
16545
5
240827
13066
55547
12928
947
127096
169
2456
48
12542
206
25251
404
116
31707
173
12817
38050
53197
22
26069
4729
111
493
25770
397
58102
52810
3347
113
26974
102
12733
54
183
100932
72105
14222
94
14048
677
13239
25852
12665
437
75903
650
218
2122937
72331
26633
191123
315
315
260
2240
29
8
25511
13255
448
431259
64292
14167
13496
166
469077
127
392
269
708
373
372
1260302
370
140
194
24
13918
51428
202
774
550
1542
13091
20
16414
45080
209
150
13047
63873
267
45
45508
34043
8
6
72
148
77679
38285
13415
463
67875
15050
12980
200
209
42287
14052
13405
13137
12675
59
49
119
302479
41493
607702
42
13446
14319
117
54668
62
97
27836
162
101
13456
312
10
533
1075
163327
56037
26501
138
231
464
9
12945
2774
47
256
13465
125845
204
9
27725
188455
13339
127
90701
167
486887
42
78
67
69
21
199
172
251924
14365
130
27282
261
13624
19
299
239
756
4664
13785
53
127
1957352
156
41
29
13
83
80521
297721
656192
65075
191785
39
49248
100
221
17005
70774
28541
769
14304
16
13238
82141
58
190552
152
62
75
102799
145
1123
60348
153
14686
380902
46766
128459
75607
22637
108492
1576
240
31359
20403
92
44
14973
26964
18962
105111
13625
28084
52122
57205
118319
31809
171
74093
125
245
1205
1014
86
163
9
26584
2677
160
38
350
40169
357
142
126
211
69
14404
52927
22
26457
497
1
26574
30028
136
39736
362
144395
13889
308
1236
14046
661
148
320
34729
32809
22687
692
145
818
29949
13445
87
20369
20430
36934
63
2118
27179
30906
50914
5
40462
281
40840
15683
601
18482
397
28648
54145
221416
290
124693
42
29483
13459
146
102
27877
855
13394
14135
33837
273
18784
987
28038
66610
156
1168354
15552
18705
53
137
81
27832
14239
287
6909
229
59
28516
201
40185
22024
222
70349
49288
13251
17055
271
28813
15258
58272
272
440700
59
880134
251806
140
12
27
25
91
868
10
47
14196
254
13407
13392
60392
61
46810
1511024
16498
234
789090
18555
50
30266
474
325
84
379
349
78
110756
62
48
1231
275
1049
14
208
233552
14321
47155
15
2632
401
249
238587
475
22
472
225564
44369
989494
15005
184
14426
101
70481
40183
13490
70477
89422
742
305441
13729
18650
768
13261
1226
34
19446
114507
80
163
27110
178
393010
15340
99
311004
16
271537
19851
13564
40089
27351
23
175
34
27830
14721
169
427
159218
14267
27428
418
316
41204
27041
85391
251
897
554
341
13833
408713
450113
13893
18
215
542
27617
36774
13884
13741
23
14017
133
277
40880
275
72174
14638
13810
60
28
830287
106
433
41745
870885
1376081
66
13594
13655
467482
49
126
13701
27591
16
29
40957
27036
484
55046
14735
47934
14039
644
41613
1210427
69916
97
93798
42371
30041
191
95182
26945
543
1512120
101
416
322679
58921
175
95
780
260
45252
14437
14759
96
201475
13771
27079
14788
13702
718
88942
70
6
416167
485
564
545
387
198
14986
22754
6
73
9
454939
205738
116106
330
13768
248
330
807392
373
288
106047
46
14665
14964
468
219
40667
315
489417
28554
22031
14740
112
42802
444
708
14454
16166
292
322
14493
175
1786
902
153601
54942
90
83
41798
529
510
14256
150
109
81266
36
155
865
149
72394
14420
27174
342
325
81965
13685
35375
27718
109976
525
14924
21
404
158
689
143119
303
207990
44171
13954
14555
82987
1780
22
90611
1266
155
137
9
27255
584
2
91
2599
583
15215
14882
1295569
357
1872
69817
25
163
84
298
15296
329
905874
834399
223
57940
55853
1654
1886
79207
1352
14448
121228
263
510
29956
14614
106
96591
19632
64
173979
190916
431
43131
522
160
56019
40
126
114
469804
2027451
237
94996
42483
293
164669
4
35623
43391
14869
1072
54
500
71857
28722
14448
425
38783
15039
59926
15149
30858
1759
145072
2447
17
185
84063
41493
28
100661
13947
893
82886
644
29239
15462
29855
305417
39
251
505
156148
178
3328
205
386
137115
405
158084
162
491
845516
47
224
14684
82608
63
59386
196
30567
15328
28522
14579
297
14410
28873
3
570
16
30061
233
7
116
116
70760
14910
45
538
56907
66
95
29010
557840
137
348
561
198
237
35
110
14181
36
641
103948
885
21290
1618
237308
83
2092484
75428
14243
356
460
2
56
300
2
848
21
162
276
34279
115351
30101
825
137
15552
912
121
29
2488
124
501
33
1428848
54828
29393
108
273
33337
1759
105369
14883
127
29966
16
198
877
3
69653
197
15629
121
118
332
110
199292
377
18890
15150
13818
1182
19285
40256
14566
182
65339
42
76
314
14516
628
28627
130830
29530
132
44405
54
8
18415
4310
185
18
8
457
452
575
57038
14304
29240
135
1056
1078840
14990
221
149
15312
3758358
166
48011
72346
283
14948
34
49
33
62554
15
256
49
568
646
648
180
141876
410
66
331
220
29627
2
58394
54
41
233
188
14646
12
129
30083
15747
205
14684
222
14153
14641
138
207
187
104450
85
15572
58578
1759
667
300
66
900
62
43363
19
105195
272
49
46661
60594
350707
94531
85698
779753
196
51038
2
28573
14509
72648
135
347885
57464
161
14916
227074
15551
128424
36703
47
15064
34657
1670
814
2522878
15233
31109
486
142
71681
58
106551
16185
838
16040
17358
151
100908
61
504
15017
58934
73505
71644
151
177746
110
87564
253282
150
135
80
30
16728
15356
44787
31324
16209
80
480
324248
375
155639
65643
66986
789
77073
1241
45409
1774554
30444
32
67759
497
369
102
66241
134679
129268
43187
159
53
113
151
32
468
246
30658
18
17093
94
170
98221
199
29185
14932
2014
14986
391424
128916
30314
1261
305
283
15432
214394
354062
44597
15429
4354195
123
298
78
439
764
462
6
226
15907
707
56
94
137
387518
192
31512
726521
110
139414
346505
14125
43
29482
113
208
314
30140
44474
202
253796
88171
422
29525
28953
72
374
191
632825
65
336
2366
159741
2
30893
16080
29934
15146
15794
142
176895
66178
282
441
31196
21
397532
9
216
324
235
15067
29943
402844
780242
403
541
142
764
57745
32075
140971
1451
222
43
15031
48320
15115
14928
61378
430
117616
73298
358
131151
44906
88628
300305
114
75919
135597
436
291
2278
615
77
14867
35975
477
408
219
321
1477
44139
44052
428
128
315
58906
29581
44730
45612
20
175
171
26421
30
80
29172
151
582
168
279
14829
15586
788
260
264
16116
933
42
15519
104
1
32274
168996
67
17
568
71
44963
254
2
188559
89584
51853
117
46
30124
94334
29913
627264
73
43924
394
233
45165
74
46
514
75
582
254
561
60
350
141642
45599
37584
31847
283
29703
47
145
17
17894
31827
1110358
588818
612
717
36
12
126431
34
118
517
115760
16566
15927
1034
73
15121
15131
1460
376823
75791
15495
18315
16587
202071
141
22880
267
23607
191
20398
18740
116464
328686
69
198
49218
288
115287
778
66549
89
351234
30
15717
184
66
16596
296932
103
28
192
115698
402
1163
126
15579
90360
291787
14
31475
634
324
327
272
15419
436
93
171
38595
9
157894
551
15
299
1034
15625
15873
131730
39427
74308
1388
578553
526
35899
109
30368
50273
4
137807
53129
17324
565
136
139742
404
93
389
121175
5
1336
15056
21961
315
134880
100
75137
589
75064
237
45567836
1732
15797
47
295
43016
60262
15664
154167
9905
1671
119
134
149
786
258
15664
926
76
77
403
15486
104
168
825
15863
464
16076
18
128
32766
452
277
52477
168
15731
78002
45350
54628
45871
4880
152797
115
149219
513069
143
779
74
50
1806199
105
31863
63828
26464
244
92
9
85
4233
60
271
207
281
124
196
103
30721
30410
69223
16004
167
15705
6253813
33043
39127
99
39
34
92416
377
15269
252
179633
108122
14
16378
483
15500
165
15415
345
47526
27
107
535
352
63728
33153
176
16993
35
225987
47698
15656
1184
843
32968
31782
80931
81335
1030340
45691
16160
154
91179
17199
105824
62128
156
31107
15
614
301
224687
23795
356
33892
627
463
15538
64167
562
15466
31
53571
63416
127
116224
33431
65
46991
354
148
15547
16000
781
170
63312
147
286685
177
191772
45518
16287
15724
399
127
346
399
291
15606
22
15523
16344
18826
15918
62354
46098
242
27488
46825
169108
17
15631
16559
48219
31877
493
22424
41016
239
335
121091
32535
166
15960
65623
16415
30926
15779
136153
56318
204
655
62185
62708
307
15750
15593
16073
339
65341
1043
16540
818
175
69
16433
113
101
98842
368
16055
614
152
31711
1125
75
8
62660
227434
92
700
383
111
378
1347832
110
16359
134526
780319
235
32943
363
288
171
1988055
82
221
189496
1269156
575
16525
25
287
1761
61775
78081
37
398
15538
17449
49477
71
276164
70
9
32482
2854
16265
558
167
32521
16288
1239
32093
960
48747
125
31380
4
20278
94549
172
61103
719180
17038
76968
16986
62187
22433
33119
25
129332
336
167870
3082
16188
1701
16762
299
8
33506
188
96728
921
351
83239
475
16941
15634
63485
16062
319
167
15951
16229
510
15941
15801
16384
353309
98
1321
38
388
870
22679
174564
16559
33223
198
100374
140526
111046
215
77359
19192
17041
184
397
768073
16263
724873
59
4392
1167
1071
155
163
86
210926
1113753
93964
289
148
15745
26
31
24
32924
16327
31806
146
40
53120
747
167
32641
69124
36
316
112
20619
106706
15979
24999
351
17097
268
95
139
695
862208
219
1918
32812
397
354
34884
665209
287
31751
449758
1230105
17286
33869
33253
9
294
16709
2
120577
16
845
443219
32395
92
109465
75256
62919
72
192
432
52046
42357
974
16389
24274
187648
275
547
1218
263
410958
595
141
50
174142
50930
26105
51215
35397
17377
16809
16563
16673
438
2
204
156
664
779
117493
62
108827
561
21939
16371
22605
5160991
175009
17131
70
314
66
260
63784
32112
32341
115
276
41
71
449
56988
1114
44685
21
658
237
18023
349
405257
65540
33847
430
46414
64534
32070
16234
116531
24348
1026
48127
32335
156
202328
44
500
70431
145
610416
355
14
23626
79925
56196
89
94521
230
236
28
120705
17299
1761
33461
63
209928
85
135778
88
188
57500
1006
4
171042
16
48912
430
64328
1632
52
16191
299549
128
194497
233986
19758
1042
16378
61
789
117
242
773
182
32823
849839
54
17170
1515554
84237
271366
142
262
1058
806
120
46
64704
16810
930
16444
54339
417800
143
1113
41
178
300
443325
227
40344
398
15869
2
32575
24074
173
26
172
129
16600
1172
233
37664
254
166
269
321204
78
206
16878
76123
581763
178
174
101
34736
1375
750
52013
47900
15964
223534
689
23315
30203
22561
46629
20697
458
113816
3
186
33534
17572
596
51365
25941
128
149939
699
80942
71
277
16507
41051
226
59
64495
81
8
17762
424
174
52
20385
17370
36108
24
233
32165
48376
48369
2900
239757
77
208074
131011
234
292
134211
205
17820
80
33347
47361
372
180
30
218
45
28063
97754
17175
155
168132
83844
113
33844
45253
191
34690
16375
1085569
58798
153785
351
163
40
582
1486
84
112
126
69
34648
74
222
17769
3005306
133
168
2103
56007
16774
61
41142
16369
5551899
253554
1056
50129
114707
765
16826
17677
93674
17
232
90
113
909
109179
18246
229
18341
43681
114
35360
68
63
89
3362126
17998
16730
226087
216
20296
17
132
27
500582
2166
63
1198
19489
536161
56441
124119
17738
110
23275
66
17059
53847
183488
72944
145
188
14
278212
118
16
849
55131
703
585
38069
106
59
393
482
72202
33486
4
72904
1253
23917
111
247008
51806
33714
38
82501
154
80860
17213
81913
462395
93
17487
17806
158
163249
495
17802
66
232
16966
583
1415944
245
20321
57572
16987
96
283307
104258
2119
398
80
17321
192
958
84482
18179
98867
68385
17557
108
1417
1
130188
282
170
78
17079
16934
198385
253
17451
4
410
49826
33276
34718
186
17050
371
233
448
117977
85345
925080
1000
108
17709
1541
18448
276
259
33893
74
84567
20195
22452
78
1162
74878
184442
35405
71421
417
375
42
19302
67212
157
233
134451
17139
221
24
631
20364
600
35381
56827
16971
521733
5580731
27043
140
50877
67344
351
1163
172
829
100232
51435
33305
52699
94
58
475
497
58
155475
138709
95
18994
50791
451172
162
20856
6
33417
27753
32
99422
68
172564
1083
36
117
216
142223
128763
83797
16616
34086
545731
35016
97
1327
50284
153433
53044
35631
133196
17511
288
379
132959
17425
17579
21875
16824
43
17828
62
121269
51
789
98
242
17340
23240
193
106309
407
242
17887
33978
162
17279
463517
53862
0
36064
138
893
360
113
78
1
116889
67440
17110
67493
200341
2602
206
18063
17943
222
614
649
65
94
397076
35602
644
274
28862
582
857
147
67349
293328
17926
68056
18000
18038
2192
123648
309543
196536
17516
182
356
489
489
117
137
33853
16959
34557
720
278839
24483
201376
91
18203
567
33428
633
51614
772
219
34801
299
16
5638
106
50
622
73609
166914
50785
231
34413
228
371
184
35039
119
15
76088
321
1047
848
186
471
184
140338
34656
776
267
6357
71268
1002
3101
888
143
144281
24767
54
34650
17183
17301
17351
329
35
93437
34845
123
35208
54401
607
113
355
89
87
33761
36911
131618
75880
70196
17744
2300
483
134
276
358
360799
36187
1107
18669
4
279
51
23071
39269
122498
685
35060
624
64
192
17431
408
200
172
67
237
17891
485
50208
675
159
496320
26948
48
477
376
255746
104408
237644
48223
200489
17899
286
385
45
83917
17403
111867
34974
71407
19650
186104
52168
326
53908
154
17699
388
17912
18378
18493
139402
1355
74
53090
5
17650
334
277
140
17891
428
1571
296
252
297468
17291
45
238
93741
12
236
26
172192
18307
114
449
478
721235
18008
3331
34627
75341
80
36196
294
53417
42938
219891
714
39092
1764110
109
1453
286
187
108884
263
1138
88
52031
178063
107280
17515
1184
73
936
17252
425227
52266
49
255
592963
371985
35943
91417
18482
39745
34135
862
89643
129
19954
2
94
4844
104
157
245
2
363
17295
482
122
313
17370
17782
730
284
22121
34806
22302
582232
18005
781
93801
58662
208
2562
5383
2835
17247
17
363
60
55073
506293
18059
181
24326
2068
15
34959
220635
116538
110981
278
18730
1304048
146
18200
94298
71942
933
17804
18166
728
18384
17723
41202
240
334795
163314
327
1019
346
19
311
849
55415
38243
240
242
35271
40
171
265
604
16
52335
36674
35257
648
121
390
181432
560
34
151
209158
35208
150
70110
52526
17369
252554
75
273434
341
2454
377493
36
18575
1848
179
36061
22902
262
176
24
223455
46
49
17529
1181
36097
54332
351
26920
111045
19132
854
124311
457
278
515
581
18037
44
35547
17934
162948
44042
28
58751
106
87116
309
54323
307
19009
53035
136
1900
955
2987
59
47093
18360
132
18119
95243
296
37485
114
376
75
363
87214
1136874
4
198
463
522097
70705
21473
182
52399
162949
38928
365
55605
170955
22224
17899
59159
125575
36448
268759
59766
33
568
35686
282614
38142
18085
1
117
81
56
589350
18509
61790
75
24636
104833
17616
485
67
61185
18417
93484
36758
36883
215
23621
283
292
85
52525
533
35741
596
365
89877
18021
403
23
257
19378
17603
94622
39
139075
18640
19854
766
17864
54310
5399
18721
208
192705
1474478
929
23170
46617
323
120
978995
156137
36251
38
192821
28497
30
787
509691
833
83
39
865217
198092
259
19215
495
915
110
232
19842
92242
18922
20677
2063
128076
76243
26839
1318
20668
99
378
403
35785
72688
15306071
72114
17
265
110
37
77
18285
70681
206
313
159058
354
309
53231
1454581
799
642
272
579
18381
171
56109
19548
144664
149
19826
41
18987
392
330
253
1218
71521
18753
322
681
137
737732
693
63
135
264
121
65282
58672
18913
72880
2542
212486
966120
55068
167
242
625
18735
935
36891
25753
256
640
25
58013
1285
223599
323
119
38390
688
17
90483
245
373
221
363
29
174796
40
3487512
397687
589
20081
18344
61
71
158262
39
36246
18563
15
37237
143
77841
18395
53617
492
18928
17
71111
72538
57
227
192
36590
93
665
1698
264
23047
285
36958
18210
126836
430856
43355
61
96759
448317
458
847
105309
54341
711
171
18646
18521
19111
108
105
389374
33
207
126
20501
717
89463
501
187
79702
219
37864
239
716
47
185393
322
2509
18541
37898
114
213
18437
282
18511
151480
125
56303
89
893
48
477
237
55521
117995
225
54131
19
37304
117
354
20466
477
62
32184
242
37209
124
62573
97229
127
214857
54522
1238
44643
296
343
42850
18418
46
231509
37819
19159
446851
288
19371
24661
97891
1546
107814
225
352
118467
469943
19435
276
2085
108002
26
18066
334
186
558
646
519
63630
95974
283074
37566
55073
33
717
18099
36333
85396
131851
36
72285
207
19974
11
254
478687
145
2243
125
367
576735
140
545
914
3347494
226465
18709
22
375
17
523254
40
534
22991
390173
56076
37486
377
22558
18330
1
76962
1760
36793
36602
446
56922
362123
126
23526
355465
376294
1729
130
37021
211631
146
176
819
2336
37756
40308
269185
780
215
202
749
326
63
36974
43024
52
208
97604
748383
88
15
239994
20191
119
54985
91428
51009
76
110
19924
8
1501
151
218
151
247
84
72879
82
12
881904
7863
84
47
174333
283429
118692
124033
517
21361
65
287087
73880
20403
19477
484
669
37769
18885
66126
170
37412
25644
143
82318
393
174
19106
892
26659
175112
98242
21096
173
1944
62
36632
465
157612
26169
23056
326
152
42367
408
302
37031
218
14
281
114822
50
56
188
109385
92939
21020
97
665337
240489
44745
19162
1046
1080
214448
91
199014
67
32239
22237
36973
485
76978
233
242
915
27921
38560
76
186
3964
42
437277
413
568
19715
48
58
18817
106
155
98845
109867
95
807
806
263624
245
154
50
1000
1
748
52
39473
2045287
112490
116
407
37729
137
109496
5
20416
39568
244
22714
225
1290
100
290
328
3118
26
172
18728
38858
2135
416
18751
133577
337
634
1
316312
59054
19136
247
982
19149
158
149262
177
19526
317240
322
150
37987
308
206
40
541
181
20181
1558538
20057
1642193
21248
776805
61642
170
55908
2
37882
56924
446
373
58047
2522
447
193
91
37925
57485
507264
75293
21957
346
56453
19151
74330
975070
214008
1086
94757
37
128
606
29144
66
202
1453
491264
291
252
456
37597
256
324029
74455
19594
597
25341
67
798
797
28
361963
68919
55
